#!/usr/bin/env python3

import random
import tqdm
import argparse
import os

DATA_FP = os.path.join(os.path.dirname(__file__), "data")
INPUT_FP = os.path.join(DATA_FP, "input.txt")
ANSWER_FP = os.path.join(DATA_FP, "answer.txt")

ARGUMENTS = {
}

if __name__ == "__main__":
    parser = argparse.ArgumentParser()
    for name, kwargs in ARGUMENTS.items():
        parser.add_argument(name, **kwargs)
    args = parser.parse_args()

    permutation =[

3359, 2562, 5961, 9255, 5301, 5364, 6479, 7093, 6923, 5408, 5516, 8904, 3419, 1054, 1192, 9964, 1193, 6817, 7807, 2243, 1039, 86, 3753, 5613, 4704, 3977, 3280, 1199, 9257, 6389, 7168, 7976, 5551, 2746, 3493, 9587, 462, 9908, 4138, 9174, 4095, 4603, 9137, 9090, 8410, 2950, 3130, 596, 5789, 8897, 5030, 2279, 94, 8918, 2405, 7380, 1445, 2331, 8270, 2753, 3598, 4591, 5661, 2751, 5073, 1855, 3323, 5135, 9479, 2250, 8024, 4559, 3102, 6864, 266, 9329, 671, 8218, 7419, 3954, 726, 1155, 4812, 8800, 7152, 5982, 4792, 493, 6205, 9269, 7445, 5981, 7485, 1877, 3579, 5667, 9867, 8356, 3383, 2645, 4859, 1822, 2451, 3811, 8944, 2437, 5773, 4394, 8080, 4513, 5140, 6308, 2885, 3067, 3732, 311, 1785, 8811, 5666, 7047, 4505, 4310, 3473, 8754, 5445, 9354, 6452, 650, 8261, 142, 7862, 5013, 6974, 9712, 1270, 5941, 6972, 1035, 1367, 7748, 3228, 6419, 7602, 794, 1740, 2598, 7379, 454, 6361, 9235, 9328, 7449, 8396, 4695, 4149, 5095, 4853, 5832, 4248, 4472, 5062, 2453, 7127, 2024, 8930, 8345, 2597, 2030, 9898, 3636, 8277, 7068, 552, 194, 7643, 6720, 3137, 8949, 5090, 1271, 2324, 8402, 698, 4930, 2653, 9912, 7088, 6133, 5335, 5349, 7473, 8814, 9203, 8674, 9592, 613, 9618, 909, 3857, 3749, 1074, 5701, 2569, 6716, 8818, 7583, 5262, 5590, 6181, 5242, 4145, 274, 7035, 8722, 3165, 1779, 5088, 935, 8492, 9368, 6522, 8479, 222, 4504, 7631, 6602, 9513, 1547, 2568, 4529, 7423, 585, 1294, 1764, 9037, 3442, 3643, 1970, 5063, 7476, 8380, 6862, 4220, 4778, 1745, 1487, 2343, 8106, 253, 7115, 9530, 7777, 4283, 2665, 2864, 589, 853, 7422, 3082, 3987, 8341, 3708, 9363, 3320, 1041, 6819, 9227, 376, 16, 7939, 7908, 26, 9704, 8134, 1473, 8147, 5496, 1203, 111, 9449, 2900, 7826, 7160, 5720, 3180, 4540, 6014, 5080, 5494, 1738, 3998, 6806, 3551, 6514, 1799, 5826, 1446, 5839, 640, 8241, 7905, 3342, 3338, 8531, 9295, 9676, 3138, 7812, 5651, 5387, 3453, 9028, 2906, 1639, 9274, 2301, 8940, 7373, 3629, 4230, 2881, 7613, 4216, 2747, 8659, 8499, 1265, 6429, 2032, 2583, 7997, 77, 8205, 6360, 1701, 2233, 9996, 3649, 3150, 1284, 3489, 3229, 3116, 5936, 752, 5437, 3534, 634, 741, 1106, 8035, 989, 5230, 7073, 2682, 250, 1856, 4696, 1924, 6711, 5216, 2377, 3740, 3979, 3772, 5790, 7189, 9284, 4954, 9918, 4660, 368, 737, 518, 8449, 7375, 1950, 1191, 4128, 3412, 9780, 2676, 3859, 9220, 5263, 5905, 1957, 8085, 3290, 7676, 5886, 5513, 8121, 7818, 5541, 3718, 4590, 955, 3093, 7989, 6617, 4308, 1094, 3914, 4857, 5770, 3302, 3661, 6838, 4211, 2695, 3818, 1949, 8628, 6876, 573, 3467, 2489, 5353, 5872, 5715, 2575, 9988, 7211, 418, 7117, 8596, 6738, 5954, 7941, 9883, 3494, 3734, 5696, 8066, 9820, 1942, 8220, 5065, 8005, 3684, 5064, 4681, 8495, 6482, 8251, 5816, 2721, 6423, 6736, 8956, 5808, 1529, 4486, 6919, 4965, 9862, 2798, 3995, 127, 441, 1783, 6320, 5291, 5921, 31, 4025, 560, 4383, 827, 2644, 8870, 5598, 5623, 9438, 8678, 6589, 4207, 5804, 895, 397, 3546, 2948, 9189, 8467, 7101, 2940, 9469, 1972, 8497, 393, 6315, 3358, 2731, 3127, 6412, 4722, 5518, 6751, 9681, 9887, 4321, 8876, 6624, 1028, 3797, 5664, 1683, 3166, 5266, 2516, 7633, 7507, 2548, 7110, 2514, 5894, 7773, 9297, 2580, 3693, 2299, 1730, 1420, 3233, 4617, 7900, 8406, 9370, 1026, 7347, 4780, 9151, 3363, 9001, 3881, 2925, 1379, 2861, 3760, 3617, 4672, 1151, 2265, 3667, 5296, 406, 7069, 2766, 6438, 8529, 3795, 2271, 8186, 4409, 5319, 5107, 7438, 3057, 7374, 9388, 1040, 3754, 5235, 8654, 8838, 594, 7817, 3257, 1144, 3007, 5485, 5779, 6475, 2669, 1960, 6644, 2914, 247, 993, 1653, 7407, 9290, 4866, 878, 9057, 7859, 4682, 9259, 1831, 9572, 7021, 6003, 3080, 3541, 6422, 8738, 3046, 1565, 5848, 1477, 9621, 8645, 452, 5553, 7890, 5168, 908, 7596, 4656, 913, 5324, 9760, 3517, 7133, 4546, 9900, 9056, 6025, 4980, 3457, 9332, 6159, 7638, 1079, 1334, 776, 6629, 4718, 7796, 7231, 5171, 7484, 7765, 7119, 7345, 3083, 7196, 2720, 6713, 4473, 8575, 1834, 6680, 665, 615, 5582, 9939, 3433, 819, 7193, 1113, 7513, 7123, 7381, 1946, 9989, 3108, 5679, 2356, 2773, 7731, 1020, 4416, 1770, 5143, 961, 7370, 2205, 3868, 1482, 8292, 7106, 2110, 2750, 3484, 6349, 2511, 8568, 2990, 4438, 8777, 357, 3378, 8067, 512, 9409, 981, 774, 5096, 6983, 8442, 5153, 9157, 6538, 7289, 4254, 9242, 3784, 6931, 330, 1118, 3781, 2107, 9084, 3518, 9698, 103, 7346, 5670, 9186, 4342, 6053, 8075, 9400, 7792, 6966, 8690, 8466, 4597, 8337, 9467, 5401, 9413, 8329, 8824, 7872, 4257, 2662, 5103, 1186, 1120, 2794, 5778, 920, 5343, 923, 829, 2523, 9850, 639, 435, 6500, 3275, 498, 9172, 1784, 3198, 5189, 8913, 5361, 3573, 5295, 492, 4881, 8795, 4683, 8840, 8735, 3983, 3673, 1555, 3883, 5053, 3277, 5768, 8043, 8681, 3324, 356, 9932, 2041, 5956, 4354, 2939, 4578, 2683, 9367, 2262, 1317, 6507, 3622, 7213, 4154, 9872, 2637, 6118, 1685, 9221, 4788, 165, 5304, 9667, 2401, 4835, 5564, 1584, 722, 9299, 7472, 9088, 5399, 9724, 2983, 6371, 2962, 5288, 3949, 5070, 2381, 5717, 3190, 1891, 7268, 4743, 8652, 3628, 6261, 946, 4421, 7126, 8187, 8369, 5625, 8535, 1432, 5194, 7316, 4208, 1794, 8105, 2118, 3299, 9470, 7623, 9721, 3279, 9353, 7722, 9460, 4477, 2588, 1119, 1281, 6386, 5901, 5524, 9708, 2547, 4594, 6030, 4231, 5405, 2998, 9839, 1722, 2259, 2046, 1010, 5440, 2848, 1879, 3151, 1872, 107, 795, 5677, 8888, 4944, 3175, 2221, 8514, 6661, 809, 8502, 2353, 456, 724, 3232, 9840, 1158, 787, 2726, 5292, 7154, 7998, 874, 9331, 5756, 8222, 1998, 4372, 6227, 2866, 7070, 2214, 5964, 2535, 1363, 8934, 9288, 30, 603, 2536, 9665, 186, 3665, 3173, 3918, 5087, 7537, 6072, 5574, 6948, 9641, 2758, 5024, 952, 8151, 4920, 469, 5456, 2360, 3371, 2974, 9496, 216, 5526, 499, 6881, 8041, 3450, 4331, 6153, 6411, 7882, 7957, 6658, 6047, 7082, 7944, 712, 9800, 4593, 3133, 984, 7653, 7027, 720, 3495, 8931, 2121, 9990, 6393, 5492, 4029, 100, 6402, 764, 6339, 4148, 3176, 4470, 934, 7788, 7555, 4431, 7994, 3066, 6854, 3902, 5165, 6975, 5327, 7878, 1670, 4829, 3800, 7808, 2236, 7192, 1109, 1967, 537, 9609, 9032, 8503, 7590, 1282, 4772, 1513, 5094, 7429, 2855, 4950, 6991, 8519, 9232, 5858, 7323, 6451, 7769, 5278, 638, 9437, 2021, 9302, 8373, 1264, 1655, 95, 7563, 2951, 9178, 710, 4522, 4406, 6570, 6341, 3350, 7573, 8599, 7165, 3393, 7888, 8400, 126, 729, 4005, 9065, 3218, 8609, 9766, 7597, 6017, 5407, 4010, 4614, 8862, 3940, 5947, 3893, 2475, 3259, 6117, 7697, 5462, 2718, 3607, 1893, 4974, 6131, 8945, 8679, 5506, 7641, 1880, 692, 6443, 9420, 5563, 8807, 1810, 8872, 8815, 9352, 8666, 9365, 3778, 9901, 8387, 9711, 5995, 2959, 8357, 533, 3955, 4975, 7351, 3696, 1603, 1829, 9263, 1277, 7885, 474, 8909, 1969, 9013, 2154, 8269, 1425, 5636, 3877, 2430, 2178, 3090, 3970, 3370, 9527, 5048, 3828, 2905, 7964, 6846, 1439, 3766, 9345, 6558, 4329, 958, 202, 7146, 1428, 1727, 691, 7517, 697, 7308, 5413, 645, 7942, 8031, 744, 2673, 373, 3790, 3537, 1084, 3730, 3480, 2219, 2699, 9778, 169, 4168, 4712, 6929, 7644, 7931, 626, 123, 8832, 1704, 5274, 9620, 9125, 8841, 306, 7276, 2367, 3926, 9339, 4188, 7705, 4026, 4945, 7378, 9304, 3831, 8317, 6415, 8622, 4846, 4758, 8988, 8601, 7448, 3912, 3997, 9525, 2287, 2534, 9942, 5714, 2529, 9433, 5908, 8703, 3203, 2599, 2442, 9614, 2112, 2565, 6842, 3479, 7086, 6900, 2491, 8509, 5391, 5531, 3705, 6062, 1815, 9054, 6390, 6685, 2987, 9546, 5903, 6439, 6771, 8417, 9117, 135, 2057, 1228, 6190, 5157, 910, 8366, 7307, 3833, 1289, 3260, 1409, 2988, 60, 6641, 1916, 7519, 7243, 4841, 806, 8099, 2528, 5763, 2209, 9068, 9700, 231, 1498, 5764, 1518, 219, 6065, 8365, 1631, 6169, 113, 152, 8353, 5632, 3283, 6768, 2509, 9930, 4646, 8378, 2787, 4201, 607, 4928, 4916, 3231, 116, 5612, 8240, 2492, 6671, 2646, 6714, 635, 2260, 67, 3409, 779, 323, 4777, 1886, 9253, 2213, 326, 5163, 6048, 8788, 8470, 2782, 695, 4413, 9098, 1480, 2376, 7822, 8668, 3972, 8751, 7798, 1636, 4657, 7145, 1544, 256, 9241, 9730, 1483, 8346, 9784, 5147, 9816, 3867, 6316, 929, 7779, 4814, 9817, 2756, 1396, 2834, 4678, 6824, 405, 5470, 44, 4104, 1597, 2185, 8243, 4302, 6066, 1634, 7857, 3783, 5244, 8308, 1687, 7593, 464, 9162, 8507, 2179, 5985, 7925, 3583, 4049, 1327, 2970, 3651, 2369, 1364, 8830, 4441, 5915, 7392, 3823, 3236, 2549, 5960, 4527, 7, 1038, 5857, 6841, 5238, 4742, 7880, 317, 2296, 7471, 2670, 9025, 4249, 4582, 4826, 7669, 8413, 4992, 223, 6342, 5279, 9657, 364, 6667, 3899, 7061, 9591, 588, 10, 3722, 7502, 1660, 1415, 6801, 5430, 8871, 750, 3438, 4327, 2502, 179, 7952, 4082, 9055, 6916, 255, 1173, 8234, 6784, 4350, 5069, 7955, 8375, 8608, 9489, 7839, 1034, 147, 9248, 3699, 5558, 6070, 4754, 1892, 6189, 990, 7920, 1726, 5906, 9268, 9483, 3861, 71, 8903, 3675, 248, 2291, 7132, 6466, 8020, 9961, 9890, 6857, 2858, 7032, 3710, 9896, 9501, 7478, 2281, 1227, 3194, 7464, 9853, 3374, 1902, 8315, 8704, 3392, 8398, 9505, 1602, 4711, 6844, 7719, 196, 9600, 413, 7267, 604, 8385, 8089, 6706, 8553, 1142, 2101, 238, 9425, 6840, 5169, 1469, 3365, 8874, 1885, 4643, 8271, 9046, 7864, 3100, 7929, 7076, 4077, 7699, 1061, 1455, 475, 5233, 9855, 9571, 336, 4789, 9725, 5966, 2840, 8316, 9468, 8116, 1980, 6213, 7225, 1183, 7766, 6690, 2390, 1204, 7366, 5570, 4931, 8875, 2896, 6397, 121, 6056, 6725, 5672, 8555, 7066, 4225, 6803, 9512, 1160, 6762, 8153, 1368, 7150, 5108, 5234, 6759, 7201, 2153, 2320, 6167, 1246, 4127, 4367, 2004, 7695, 4351, 8889, 9891, 2026, 7175, 9818, 8721, 8395, 3408, 9616, 8769, 9396, 5149, 7778, 3725, 651, 2304, 5656, 5882, 6139, 8217, 7254, 9044, 155, 97, 3770, 3183, 5927, 4550, 1381, 7016, 4765, 1990, 5654, 7873, 7783, 1601, 3897, 7728, 8797, 289, 2810, 8156, 5879, 3126, 3967, 6079, 8060, 5797, 7564, 6050, 2659, 9399, 4783, 5477, 5799, 5378, 6006, 3528, 541, 9488, 5777, 5505, 9801, 341, 9175, 1992, 2664, 9931, 9340, 466, 9578, 3709, 6162, 2184, 4795, 4119, 4407, 6851, 2228, 9049, 9217, 5809, 743, 6532, 847, 5638, 8522, 2909, 6788, 7893, 9390, 4245, 3, 6843, 2995, 3284, 5307, 8465, 7578, 1803, 9445, 8564, 3134, 2137, 9027, 5747, 5074, 3704, 1587, 8112, 4551, 7293, 6473, 3221, 5571, 6080, 2225, 5490, 6880, 1541, 1164, 4057, 5059, 9282, 7046, 9633, 5336, 4279, 6, 8331, 5429, 7443, 7892, 5942, 6579, 804, 9034, 1517, 580, 2899, 9431, 1645, 1128, 3947, 4290, 1169, 4759, 1172, 4347, 4839, 5676, 1303, 2175, 7272, 5086, 2865, 5005, 9218, 187, 3794, 3925, 8885, 9763, 9693, 9677, 6324, 7830, 5825, 2378, 6953, 1127, 4433, 3840, 7729, 2255, 3670, 1526, 1851, 5718, 5253, 9923, 9292, 8276, 8687, 1417, 6087, 5114, 3701, 8618, 8528, 5195, 1774, 2146, 7041, 4273, 3435, 2127, 8169, 4560, 6800, 5166, 9536, 4600, 9997, 9160, 3958, 8647, 1427, 839, 932, 3135, 8525, 1652, 2481, 4615, 7012, 5749, 7601, 9383, 985, 652, 9364, 233, 1447, 7269, 6016, 4122, 134, 8613, 2657, 9480, 8049, 3044, 96, 9804, 3584, 6609, 8305, 185, 8103, 9679, 2723, 4727, 7883, 5591, 4507, 3793, 5829, 4282, 2249, 151, 9562, 3488, 5015, 5543, 3263, 8809, 133, 2111, 677, 1168, 467, 4385, 954, 3578, 5785, 3448, 3562, 2267, 1882, 2880, 9033, 4126, 5520, 784, 1213, 2463, 9878, 3559, 3122, 4885, 1398, 3463, 9047, 1406, 6254, 9181, 3272, 7851, 3927, 2975, 8018, 7469, 3763, 4991, 3900, 7776, 215, 3908, 6785, 1496, 8834, 2016, 7615, 7498, 9732, 2077, 9071, 1809, 9247, 2504, 2822, 1441, 9545, 7135, 6124, 8806, 6144, 6797, 1066, 9093, 6695, 8267, 6741, 2827, 9120, 4623, 6406, 6721, 7503, 2459, 9866, 9316, 4519, 5451, 9624, 2100, 5775, 2526, 2968, 4879, 6544, 3539, 5422, 8855, 1211, 9228, 5931, 2053, 4605, 6511, 8482, 6433, 6882, 6726, 6943, 5712, 3041, 8506, 6630, 6989, 8975, 3322, 6708, 1659, 4987, 5012, 2444, 1416, 6821, 1318, 5411, 5497, 1418, 2234, 63, 6031, 1668, 8939, 1643, 7614, 2326, 3089, 8139, 174, 4052, 5883, 921, 8379, 7348, 4314, 3396, 3128, 3207, 2618, 1385, 9832, 5673, 7463, 1411, 3959, 7356, 8538, 3738, 7954, 1936, 8726, 1848, 8689, 3192, 4516, 9803, 2838, 8009, 7895, 1734, 6786, 8712, 7648, 6686, 2406, 4198, 9552, 4726, 9042, 7523, 105, 5277, 4874, 2513, 8516, 6081, 4153, 4424, 2778, 7504, 3787, 918, 6950, 6798, 4454, 8152, 14, 1188, 9102, 844, 5241, 5330, 1918, 3638, 5376, 4224, 2181, 2556, 7996, 8878, 9882, 5222, 7217, 2385, 7921, 1240, 7655, 4410, 9124, 8714, 7317, 4340, 5735, 721, 7452, 971, 4071, 8517, 2924, 2530, 2641, 5969, 3905, 8439, 9844, 4427, 877, 3664, 242, 8001, 2144, 8255, 8604, 2374, 1016, 1471, 284, 2809, 9443, 2061, 2903, 2854, 2058, 7714, 5185, 1083, 9798, 2777, 6618, 8263, 1397, 7277, 6611, 404, 2539, 9231, 3193, 8602, 4808, 4927, 2847, 3860, 4235, 6498, 1842, 1823, 5326, 8114, 9040, 7212, 7551, 5527, 2220, 4419, 1595, 8711, 4262, 3248, 7956, 7406, 85, 7991, 7846, 5246, 9143, 4825, 9296, 3212, 4001, 5209, 9612, 6614, 1319, 8957, 1874, 7753, 8327, 1619, 7664, 115, 6932, 9998, 7288, 5640, 4934, 6831, 3526, 9371, 6374, 7752, 6381, 171, 855, 7220, 7399, 9969, 1152, 3592, 996, 9884, 8552, 3594, 2351, 4558, 6769, 8235, 4146, 2478, 5727, 880, 7273, 5128, 4459, 7580, 2631, 4806, 7763, 4447, 561, 13, 5588, 8549, 3910, 4702, 6493, 5455, 7706, 8072, 4562, 9573, 6424, 6569, 6814, 4024, 7692, 8210, 7065, 7048, 3532, 3110, 8720, 4937, 6885, 7933, 1563, 9465, 7678, 4237, 489, 4064, 1606, 1739, 930, 3802, 4417, 5060, 8675, 500, 4500, 2788, 4389, 6804, 6027, 7045, 8000, 2711, 2275, 9177, 8012, 9857, 5533, 5250, 4517, 7344, 2889, 3563, 9375, 1546, 5179, 8159, 8010, 5354, 7300, 6396, 5203, 778, 3443, 9344, 7724, 6154, 9531, 9129, 9101, 5306, 3672, 2937, 8250, 736, 5032, 8458, 1181, 2503, 948, 7149, 3400, 8150, 3240, 861, 5082, 6868, 2784, 1082, 426, 3872, 2800, 1495, 1713, 6981, 9107, 5822, 6763, 4271, 5663, 3851, 4503, 3735, 8740, 6122, 554, 2525, 3142, 3650, 4040, 558, 7383, 9083, 2745, 7849, 2396, 7953, 5383, 3854, 2667, 4007, 7934, 2060, 6622, 7541, 4366, 959, 9687, 6219, 370, 1733, 7171, 9787, 7008, 1511, 2825, 1681, 1709, 5946, 8817, 7306, 381, 6237, 2088, 3445, 2286, 1287, 4970, 7079, 5597, 384, 3894, 9171, 4357, 3575, 3523, 5280, 4139, 3942, 379, 5386, 1963, 2845, 1257, 1376, 2808, 7278, 2113, 1424, 4008, 3538, 3786, 3798, 2418, 6449, 3830, 6023, 9283, 3141, 9631, 1549, 2108, 758, 6704, 2642, 3375, 5707, 5787, 725, 4098, 8987, 9691, 5317, 3109, 7234, 5607, 4756, 3717, 9280, 8175, 9384, 5460, 4571, 1162, 9311, 1519, 4078, 7794, 5838, 5141, 9673, 411, 4061, 8534, 4183, 523, 1621, 6357, 4316, 8992, 3501, 6391, 8753, 2867, 7111, 6811, 82, 3613, 5867, 2592, 2272, 8921, 1430, 8912, 7488, 7421, 2717, 9087, 9403, 5515, 6782, 6740, 2593, 931, 5771, 9048, 6248, 8629, 254, 332, 6096, 3605, 6067, 32, 7022, 5037, 977, 2192, 7002, 5999, 6939, 7599, 4181, 8117, 4786, 1340, 9937, 2050, 7550, 2897, 7186, 9323, 8658, 3923, 8907, 8132, 1262, 290, 3471, 385, 7250, 4687, 160, 3368, 7824, 8700, 1698, 8371, 6926, 4430, 1395, 5930, 7124, 8038, 9142, 2882, 7479, 6781, 2823, 8340, 6483, 3525, 4685, 5593, 8170, 9196, 4392, 6281, 1532, 668, 8823, 2467, 9639, 7907, 7357, 2167, 6446, 7140, 9813, 8644, 5601, 7626, 3963, 9756, 843, 637, 9638, 693, 6128, 3458, 3382, 7576, 5662, 1451, 9225, 488, 9135, 7257, 9722, 3531, 9965, 6749, 1126, 1760, 1283, 1589, 5962, 4616, 9270, 9596, 4690, 7310, 3304, 4649, 919, 192, 1230, 6230, 1999, 5742, 3922, 7543, 5761, 3658, 6523, 7499, 5066, 6580, 551, 1986, 9080, 237, 3993, 857, 1080, 5453, 681, 8215, 3553, 3582, 2429, 5631, 1506, 8032, 2870, 5949, 9436, 1384, 261, 8728, 8636, 2325, 259, 2174, 9859, 1148, 4150, 7683, 3683, 3487, 6370, 6372, 4721, 9440, 3152, 4353, 2115, 941, 4054, 6097, 7404, 5555, 1208, 5176, 7935, 1758, 2005, 5331, 3969, 2930, 283, 5898, 2923, 762, 3669, 8463, 598, 4375, 4325, 5996, 2196, 1580, 7363, 8026, 5377, 7247, 5369, 7972, 2709, 3132, 5390, 6444, 4717, 1609, 6085, 4006, 443, 731, 5271, 1085, 7279, 7239, 5887, 3219, 2454, 9879, 4843, 8088, 5566, 3076, 7510, 2420, 8911, 447, 3121, 8709, 2464, 2916, 5870, 1941, 4655, 4453, 3312, 5309, 6743, 9360, 9707, 4639, 9605, 9362, 9779, 7184, 3430, 875, 674, 5388, 8025, 3919, 4022, 4523, 2688, 7151, 7143, 6588, 7981, 64, 7688, 4720, 2484, 6550, 5925, 2306, 4577, 988, 7620, 7051, 8965, 4679, 9355, 4365, 8333, 3662, 6121, 7525, 1309, 814, 5438, 2668, 8595, 6410, 2419, 9831, 3817, 1985, 5618, 5655, 2002, 1072, 4701, 4199, 170, 6906, 6902, 9260, 3422, 9869, 1973, 4628, 7258, 2786, 7462, 8544, 4810, 4977, 6655, 962, 380, 6231, 8639, 5755, 9179, 8093, 7114, 6574, 3568, 4443, 3402, 8592, 531, 3088, 5658, 8867, 8377, 6113, 5991, 1820, 4535, 8521, 9405, 9783, 3264, 9197, 5800, 7177, 7662, 2643, 5345, 5617, 2187, 6799, 2332, 9374, 4661, 928, 4802, 9579, 2421, 1006, 6673, 8873, 6739, 9910, 4800, 164, 8174, 9580, 5627, 1051, 8663, 322, 8486, 1536, 7364, 2235, 5911, 3381, 5550, 760, 2128, 8515, 5402, 6632, 6594, 3157, 6307, 8135, 6104, 5412, 8737, 4744, 286, 8034, 6999, 9121, 9852, 3206, 9791, 3111, 1723, 6009, 4251, 8056, 907, 6849, 2538, 387, 4922, 5610, 9330, 7585, 2647, 1316, 1711, 9837, 9802, 3565, 9415, 8191, 5740, 7026, 8042, 7490, 2465, 6398, 667, 900, 3384, 2984, 763, 9007, 5567, 9870, 1308, 7330, 581, 4776, 9746, 4526, 8110, 1167, 1461, 7335, 3018, 2957, 8621, 139, 7734, 8701, 1816, 790, 275, 9975, 4664, 7457, 5463, 235, 6037, 7772, 4244, 7663, 530, 9946, 1196, 7221, 612, 2678, 5061, 6236, 5529, 2273, 6268, 4908, 5741, 2652, 3547, 9005, 1069, 5833, 1001, 8562, 9560, 8421, 4824, 6116, 4174, 8212, 6770, 6002, 1481, 5175, 5646, 6317, 7249, 7321, 8423, 6937, 5081, 7505, 3871, 7483, 1508, 7730, 2985, 7049, 5077, 2333, 2135, 5932, 7309, 4972, 4449, 966, 8278, 5321, 2298, 8454, 53, 6148, 3960, 5548, 9245, 7286, 2735, 1045, 4943, 6093, 206, 52, 2611, 4299, 140, 6732, 6278, 5698, 7121, 2876, 9234, 3062, 2282, 7401, 570, 3225, 7059, 7930, 1238, 7897, 3373, 4315, 4335, 8074, 7064, 1324, 9097, 7331, 9971, 8762, 8136, 7368, 2801, 9980, 8293, 1746, 705, 7535, 7906, 6441, 2587, 5298, 1771, 4709, 296, 9233, 7107, 6828, 8542, 7181, 5708, 6295, 5542, 282, 4162, 7715, 9799, 3475, 3187, 1476, 5913, 1793, 8299, 278, 6455, 6334, 4167, 1458, 8238, 7552, 5752, 8745, 7974, 5119, 6137, 6266, 2346, 9500, 811, 249, 269, 6596, 5126, 3555, 7709, 8692, 5891, 8409, 9945, 8864, 5410, 8129, 7492, 2803, 6959, 1843, 5910, 798, 1747, 7294, 7136, 2888, 8199, 3657, 5347, 6988, 5730, 9897, 7153, 6366, 2812, 899, 9967, 5122, 2857, 5054, 7343, 8393, 5323, 7582, 5579, 6501, 1171, 3825, 9656, 1690, 7436, 1776, 7138, 6200, 7696, 6187, 3653, 6666, 2203, 1627, 2069, 980, 9453, 2826, 271, 2173, 9888, 2120, 2423, 2395, 3879, 1124, 2449, 647, 3887, 8239, 3115, 2996, 9847, 9012, 6853, 1150, 9195, 480, 6640, 2079, 1470, 7870, 366, 9815, 3058, 7010, 4349, 2300, 7539, 2280, 2533, 2738, 6115, 3020, 1788, 9669, 1478, 1218, 3241, 8130, 5959, 979, 451, 8434, 1657, 2981, 2760, 3961, 7430, 6508, 9833, 6367, 1901, 6674, 2835, 4861, 4902, 9161, 1089, 4101, 4990, 9333, 8052, 1512, 4662, 8698, 2557, 5467, 7793, 3865, 4921, 5197, 8452, 3691, 5853, 6011, 9647, 3843, 8999, 2218, 8828, 2799, 7819, 4506, 9936, 6329, 8266, 7681, 4508, 355, 5970, 8929, 1976, 101, 3296, 4274, 7259, 5180, 3789, 6960, 6247, 7759, 510, 862, 872, 9105, 5365, 1462, 8593, 2034, 9743, 6675, 2312, 7876, 9207, 2980, 2288, 1626, 6378, 1328, 1731, 3123, 9091, 8262, 1700, 2190, 3504, 6833, 5243, 5448, 6877, 2003, 4159, 4659, 9236, 1888, 2485, 3297, 9286, 7960, 7898, 3310, 2904, 8304, 8424, 6163, 8843, 3309, 4451, 9446, 7558, 4671, 5328, 7589, 8273, 7018, 5255, 5802, 5370, 38, 8527, 3266, 3519, 6126, 8474, 6157, 345, 600, 8227, 4058, 968, 2141, 3731, 2087, 9877, 6418, 7565, 3069, 706, 5702, 5272, 5728, 8779, 7169, 7311, 2391, 2967, 1664, 3679, 4328, 6269, 5406, 459, 7660, 4137, 7801, 3552, 8128, 4492, 2537, 9204, 4581, 148, 1777, 5320, 398, 1323, 382, 6705, 4493, 1355, 660, 2425, 610, 5023, 4228, 1389, 7866, 3685, 3827, 3932, 6296, 7131, 5976, 3688, 2945, 2294, 3437, 3639, 1699, 7414, 6485, 4129, 5578, 2696, 6040, 7902, 6907, 4848, 8125, 8485, 5944, 9351, 9348, 9974, 9584, 5020, 2253, 9880, 7791, 5461, 9765, 2099, 7092, 2472, 104, 9265, 1435, 3743, 5975, 7529, 6430, 9588, 3289, 4852, 8839, 7261, 2161, 4034, 9553, 9154, 8242, 8591, 3464, 2208, 1611, 6300, 3758, 890, 5491, 9826, 3687, 7891, 6486, 5474, 1130, 7283, 6365, 5721, 446, 6114, 8671, 6731, 3820, 5645, 5465, 7057, 3243, 6670, 7603, 8354, 4009, 7569, 5851, 3005, 5819, 2891, 1342, 703, 8202, 3648, 6344, 2873, 9885, 1105, 2086, 3490, 6216, 7054, 7497, 6499, 5815, 4608, 9828, 1567, 3826, 7946, 5600, 1724, 1276, 9962, 2482, 4141, 5371, 2140, 3702, 3189, 5682, 3462, 4404, 8120, 9199, 9289, 9155, 9327, 1961, 4203, 8791, 6616, 5967, 2432, 9435, 9444, 2149, 4247, 224, 8323, 8917, 9854, 2493, 5267, 7630, 7968, 8997, 9128, 8143, 7813, 2471, 7795, 8206, 682, 5586, 1974, 2264, 2048, 7698, 3812, 1412, 881, 9929, 9053, 2139, 2769, 6407, 4011, 8498, 8758, 586, 9984, 3707, 6416, 8168, 2832, 7084, 2754, 1226, 2022, 2006, 5917, 1299, 828, 1757, 7301, 7043, 4312, 2152, 461, 896, 2729, 7455, 5400, 131, 1225, 6645, 1005, 4688, 6603, 4285, 4602, 9747, 7685, 7096, 8583, 8890, 3050, 1466, 666, 8272, 7352, 7802, 715, 786, 5210, 3775, 4652, 4280, 2073, 1449, 1116, 409, 8, 6883, 2926, 6465, 3728, 8968, 2043, 9271, 5620, 7005, 8688, 9773, 9590, 4398, 4923, 6879, 6510, 6042, 6908, 9517, 953, 3945, 4899, 3028, 8407, 5085, 4528, 882, 6509, 2409, 5104, 276, 7677, 2949, 2085, 5027, 7951, 582, 3168, 5205, 5546, 3509, 81, 8829, 4180, 3835, 9582, 6276, 1472, 5152, 9948, 3077, 299, 7937, 211, 8376, 2130, 8291, 8016, 9740, 2994, 9881, 8670, 156, 5900, 3265, 6968, 6888, 6549, 9856, 4233, 1345, 479, 8178, 6664, 2495, 9959, 4489, 2433, 3632, 1868, 9903, 3978, 6395, 6973, 8447, 7210, 8258, 7621, 5158, 2506, 4873, 9723, 5738, 562, 5823, 8138, 4997, 9317, 592, 6044, 7932, 5471, 8557, 1953, 1392, 6718, 6637, 6534, 7265, 9812, 513, 2883, 3196, 6225, 9463, 825, 8902, 5889, 6171, 3621, 2268, 4334, 9786, 5525, 8732, 2488, 7518, 6927, 7388, 5856, 4252, 6345, 2979, 3589, 5480, 1143, 2586, 1558, 940, 5487, 9246, 2612, 4186, 3182, 37, 8401, 7391, 6737, 7815, 898, 9314, 7999, 7790, 9904, 4288, 630, 1697, 4539, 1688, 4003, 7155, 5199, 3319, 2414, 4102, 5846, 2411, 4124, 9661, 3008, 6845, 9184, 4121, 6197, 9557, 2270, 1554, 5154, 2070, 3511, 3911, 4889, 3017, 230, 2162, 6636, 6218, 5581, 7666, 1197, 2305, 532, 6489, 2555, 6057, 6453, 439, 5963, 6894, 4319, 1222, 9266, 8962, 8332, 1682, 8098, 3845, 5890, 2628, 5980, 4898, 1326, 3158, 9909, 8472, 6576, 6425, 8743, 9356, 9628, 1190, 9074, 1951, 7495, 4673, 3572, 2131, 8101, 7526, 8953, 9252, 4716, 6440, 2972, 7985, 9911, 8179, 8259, 2943, 5622, 4355, 6481, 5565, 1971, 4651, 5943, 8623, 2702, 3295, 3920, 4363, 6368, 822, 5161, 5151, 226, 2796, 7936, 7771, 3974, 1756, 9022, 8257, 5488, 823, 6547, 9549, 3992, 9652, 5036, 1744, 3646, 9308, 9987, 8184, 6654, 8963, 6359, 7568, 9710, 2252, 3465, 4689, 8941, 516, 5575, 1939, 3577, 9968, 9851, 410, 7784, 8696, 2316, 4626, 2410, 2212, 9629, 4563, 7708, 7628, 6223, 1551, 335, 6723, 6477, 4260, 2499, 701, 4548, 6369, 6445, 6262, 3377, 9497, 5398, 8335, 2545, 6222, 5814, 4900, 8752, 3220, 9842, 246, 1656, 3692, 3237, 6350, 2956, 6901, 4819, 9688, 6707, 3988, 28, 1884, 2010, 7786, 7642, 5605, 3836, 6204, 9858, 2428, 4075, 6807, 4050, 324, 5923, 6462, 8925, 7733, 802, 6930, 1410, 503, 4313, 1234, 20, 9166, 5759, 7679, 5129, 2089, 1117, 56, 8289, 4320, 7395, 5116, 57, 3716, 3040, 4890, 2172, 1339, 8064, 2877, 546, 8537, 1479, 6539, 3340, 1012, 154, 6435, 2289, 9907, 6584, 9589, 2256, 1433, 3952, 1312, 6238, 150, 6744, 8694, 8322, 5801, 3590, 5481, 9285, 4512, 9868, 4737, 2582, 2680, 1325, 6022, 4444, 6241, 1566, 6856, 6526, 5736, 8943, 4836, 3652, 3470, 4838, 5811, 1291, 9565, 5464, 6388, 5958, 5540, 1781, 4579, 1050, 7029, 3004, 1930, 6724, 6940, 6472, 9452, 4929, 1667, 5983, 9243, 1677, 4566, 5758, 1707, 6964, 7176, 8977, 9537, 1235, 8368, 1377, 9457, 1209, 9471, 8651, 8307, 2623, 19, 4981, 6260, 3950, 6887, 6595, 1352, 8942, 9874, 9626, 1557, 9336, 7607, 8491, 1003, 8765, 6829, 2955, 2392, 1382, 3105, 6765, 3431, 7085, 1995, 8501, 7850, 4113, 8924, 7427, 593, 4073, 3181, 8427, 9794, 2345, 2132, 3003, 4463, 1307, 8095, 6540, 5273, 6060, 4266, 914, 9011, 5657, 6029, 747, 4757, 5254, 8948, 9821, 6286, 4952, 7004, 3832, 1350, 574, 9335, 4116, 4090, 3217, 9201, 9736, 7975, 2775, 455, 835, 3660, 4501, 6470, 8137, 6058, 5547, 1076, 2238, 4804, 9325, 2338, 6075, 9921, 2020, 4415, 4123, 1258, 9994, 9481, 4062, 9239, 1748, 1847, 7394, 2039, 4395, 524, 4910, 777, 4229, 8848, 2075, 6086, 8455, 8656, 4669, 2066, 9103, 4192, 7338, 3352, 3143, 2763, 2650, 4028, 8627, 6327, 3512, 8801, 8616, 3472, 3222, 7055, 3485, 8172, 2602, 6417, 6420, 3809, 4240, 9152, 6426, 7605, 8279, 4749, 6363, 5624, 6285, 5904, 9219, 7389, 3729, 1157, 1509, 4837, 245, 1065, 9373, 9244, 3481, 5576, 2247, 9395, 9320, 9358, 6615, 4386, 5774, 3164, 5, 9926, 3401, 8090, 8027, 465, 9188, 6994, 5817, 2426, 5489, 8489, 9214, 3468, 5972, 9548, 7496, 3315, 4478, 9538, 2655, 2540, 3975, 870, 61, 3131, 2638, 7290, 8710, 5256, 4035, 1662, 8802, 5170, 7315, 5183, 3805, 40, 6571, 4111, 5248, 5043, 5475, 6355, 4345, 6135, 1778, 646, 7266, 8923, 425, 684, 6805, 8964, 6019, 6858, 7074, 9758, 4044, 556, 6184, 550, 8713, 9078, 9416, 4644, 6513, 1068, 375, 9410, 6607, 6541, 625, 1322, 1131, 4265, 8868, 7668, 9334, 8256, 7754, 2147, 5120, 4182, 8058, 1111, 297, 395, 5379, 2358, 34, 362, 6832, 3390, 6993, 1796, 6024, 9585, 3601, 3478, 1387, 5221, 8927, 9158, 4322, 329, 1300, 3671, 2008, 5202, 1570, 6892, 4401, 4039, 6505, 9696, 6100, 6161, 3991, 8237, 1705, 9551, 7847, 3542, 7190, 7988, 1542, 468, 4732, 208, 7604, 3838, 7036, 2887, 8603, 5105, 3161, 423, 4985, 3807, 6816, 7746, 5118, 4293, 9004, 8344, 5803, 2518, 2802, 3298, 5132, 9014, 8880, 4946, 9514, 1994, 2632, 3554, 831, 6474, 2852, 8122, 9146, 120, 7230, 2056, 3640, 5685, 7494, 8428, 1588, 8306, 4818, 6311, 2103, 5173, 1429, 3739, 642, 7439, 7869, 4968, 8543, 4515, 3403, 5446, 7167, 298, 7758, 2892, 6971, 7461, 1647, 820, 7320, 4542, 7533, 8053, 4031, 4851, 3125, 2170, 6638, 6099, 3711, 7803, 9018, 5644, 7425, 7611, 866, 7400, 369, 912, 8547, 2874, 343, 4989, 5695, 3399, 2768, 7037, 6628, 6063, 4042, 2625, 6754, 8887, 6432, 2836, 1515, 6179, 7109, 8638, 6208, 7459, 8296, 9094, 5554, 9140, 1977, 1134, 4710, 2182, 3497, 7142, 3850, 8348, 9934, 7782, 5893, 9504, 8914, 1849, 4464, 4171, 6903, 5762, 4387, 4956, 7206, 1070, 2380, 9694, 5204, 5630, 277, 6593, 7667, 2976, 2160, 5681, 687, 4066, 8104, 7797, 7914, 4610, 9528, 302, 3055, 347, 4209, 8793, 5602, 9127, 4746, 2804, 3147, 3842, 5934, 1268, 7840, 770, 228, 7327, 8330, 4939, 4210, 2560, 7359, 8915, 8003, 8973, 8462, 1356, 3603, 3281, 50, 2461, 2922, 3425, 9015, 2736, 6662, 7567, 1467, 2019, 4426, 2307, 5468, 8351, 812, 8193, 5042, 5097, 631, 3163, 2389, 700, 7203, 9206, 9343, 8858, 2713, 540, 8926, 3968, 3244, 442, 963, 4668, 8775, 8736, 8893, 2350, 3249, 496, 9719, 1991, 300, 4179, 6913, 5652, 810, 9148, 4785, 8233, 1, 6834, 6298, 1596, 2036, 180, 3535, 383, 3962, 4239, 3780, 5948, 8985, 2375, 4941, 4958, 1214, 2578, 8860, 7205, 9954, 539, 7654, 8021, 293, 2964, 1922, 9595, 4300, 3084, 24, 4373, 3486, 2512, 8730, 351, 9795, 1311, 5011, 7275, 7938, 4089, 2585, 2109, 9, 9393, 1600, 9167, 9398, 7651, 9380, 3333, 3703, 2606, 5648, 922, 2015, 4408, 5123, 5748, 7948, 509, 654, 9454, 4423, 4912, 4604, 5396, 1504, 1646, 5534, 566, 1400, 7480, 1337, 775, 6282, 5796, 7219, 5484, 657, 6958, 9830, 6351, 6385, 6242, 4521, 4601, 8996, 3759, 756, 8320, 4457, 125, 4487, 3700, 2102, 1817, 5791, 1499, 9305, 360, 5722, 7182, 4499, 2302, 978, 68, 3767, 5835, 732, 8559, 5385, 749, 93, 1791, 7227, 6778, 4019, 3242, 2363, 3482, 2963, 1915, 7739, 3456, 7281, 4691, 8445, 2843, 3313, 1369, 2837, 8198, 3330, 4140, 9394, 9281, 1485, 9726, 9036, 1248, 8995, 2009, 6938, 8265, 2217, 7926, 9915, 5184, 7716, 8144, 4018, 2732, 22, 9845, 5346, 6212, 9508, 4074, 7829, 3756, 3343, 7586, 1520, 6517, 4882, 2901, 4263, 1894, 3862, 6898, 8426, 4784, 4414, 5744, 4738, 7598, 1375, 9642, 9739, 6076, 8978, 3096, 8960, 6945, 9602, 6582, 212, 8771, 648, 6693, 7233, 7855, 8418, 8716, 601, 8297, 8847, 3591, 6562, 9382, 1232, 4178, 3885, 5986, 2067, 838, 542, 3238, 6933, 2672, 1136, 5219, 2, 42, 2743, 4706, 5102, 605, 3870, 3631, 7559, 572, 6810, 2774, 4774, 4212, 4036, 9843, 6536, 5641, 5076, 9922, 2920, 6251, 7747, 673, 8249, 1007, 2698, 2771, 3878, 2781, 6312, 207, 8505, 2757, 7039, 8504, 106, 4799, 7204, 4734, 1243, 3124, 3002, 1233, 3567, 7661, 569, 5476, 8148, 2251, 315, 992, 4831, 4926, 4191, 6492, 584, 6651, 8632, 1751, 3447, 1921, 9733, 5767, 2183, 6083, 1533, 4462, 6373, 3980, 1608, 9389, 5414, 4820, 9748, 9991, 3318, 5863, 8598, 3909, 3774, 766, 5700, 8285, 664, 7545, 7837, 2617, 2494, 9498, 7409, 6631, 2197, 8783, 5990, 9473, 4164, 7809, 7019, 9663, 5381, 5621, 8425, 5914, 4070, 7591, 3891, 7781, 9705, 4904, 6405, 8177, 679, 4620, 7246, 4700, 5795, 1968, 2791, 4621, 3714, 1895, 8140, 6917, 6668, 8578, 2772, 4333, 7295, 7285, 6302, 5732, 1404, 6537, 4530, 5394, 2542, 1296, 9810, 8326, 7446, 458, 5813, 4130, 1252, 2581, 1349, 842, 5634, 7139, 7536, 1911, 6046, 486, 8115, 4556, 4653, 6146, 6575, 7226, 182, 1585, 2462, 9762, 6306, 1806, 9952, 9889, 1792, 7711, 8778, 5545, 419, 7237, 6639, 3188, 4940, 8822, 8624, 4518, 9023, 4134, 399, 4561, 421, 3026, 3724, 4170, 2054, 7821, 2025, 4344, 8490, 5286, 6165, 7387, 2496, 1574, 6456, 1524, 1149, 2098, 1550, 7161, 9927, 9717, 8342, 358, 3171, 1330, 2082, 4564, 841, 7148, 5318, 8161, 3936, 7810, 9632, 1581, 6012, 7860, 1736, 7712, 3647, 894, 3689, 9113, 445, 6789, 7971, 3844, 8339, 1579, 772, 3558, 2966, 7253, 2724, 3334, 5734, 623, 7028, 8744, 7183, 6094, 9030, 1830, 4495, 3388, 3549, 5268, 4832, 5409, 662, 7881, 1320, 7411, 7083, 3898, 8456, 3645, 6548, 2871, 6985, 2908, 2097, 879, 9182, 6303, 4761, 976, 2342, 6059, 4547, 4084, 4914, 6946, 9312, 6688, 3202, 4382, 5984, 6041, 6683, 2313, 8113, 1812, 8755, 2398, 4821, 5723, 8655, 1545, 5502, 2658, 3367, 8459, 1959, 714, 7787, 6634, 8207, 3750, 2806, 616, 4361, 9753, 7970, 349, 9793, 2705, 2620, 4297, 4110, 4163, 2063, 3145, 3641, 3119, 8057, 3917, 8248, 6488, 8181, 6318, 1293, 2033, 5188, 4151, 3038, 2931, 7040, 893, 3847, 264, 8389, 3930, 4033, 4703, 7877, 5421, 5834, 6554, 7945, 7836, 2550, 7163, 8190, 2323, 6172, 7690, 6970, 7831, 6421, 4648, 7417, 7214, 4256, 9566, 6330, 534, 6598, 4115, 5824, 9482, 3253, 7899, 6458, 5362, 771, 1090, 3624, 6512, 9464, 3013, 5633, 6333, 9215, 2797, 5052, 8990, 7242, 363, 220, 9875, 4714, 427, 5971, 4631, 4425, 1187, 8723, 2186, 4131, 9535, 9301, 4276, 7303, 7656, 9574, 5050, 7372, 5002, 8625, 6287, 4204, 5977, 8247, 7594, 9275, 8065, 7674, 3251, 7410, 5150, 195, 8334, 7475, 3199, 9392, 4663, 280, 1497, 6648, 3873, 9338, 2971, 6861, 3666, 3035, 6403, 4445, 309, 5643, 8580, 6620, 6860, 51, 6924, 9159, 7376, 5769, 7235, 1278, 6487, 8412, 9654, 6120, 3353, 7299, 9491, 7129, 1845, 2879, 7659, 137, 6447, 8039, 1786, 5916, 9187, 9133, 2818, 8648, 8050, 2487, 2483, 227, 5765, 1624, 5322, 6586, 1761, 75, 2544, 7413, 5836, 7982, 1669, 6649, 307, 1215, 1077, 5642, 5172, 3169, 5357, 3418, 1399, 9617, 6018, 118, 463, 3678, 6379, 8935, 9807, 7980, 7693, 5337, 4524, 3047, 8649, 3597, 2969, 8007, 4807, 3585, 987, 8071, 3023, 6715, 2748, 3623, 350, 1388, 3934, 9886, 5198, 6572, 48, 4471, 9493, 3588, 2566, 3269, 7451, 1093, 5537, 6942, 9492, 6098, 3611, 3287, 3079, 1154, 4396, 1185, 5382, 7156, 9026, 5810, 8548, 188, 4311, 1694, 8213, 9570, 8216, 2733, 783, 6599, 5987, 801, 1661, 2953, 3213, 268, 8837, 9701, 2413, 5275, 1366, 9785, 685, 4847, 8011, 8937, 1510, 1177, 821, 8719, 4805, 2783, 342, 2417, 8780, 8653, 58, 4105, 9697, 6383, 3394, 3413, 2828, 3880, 2290, 6321, 260, 4060, 4117, 1053, 7223, 5842, 3630, 4963, 8226, 9745, 6328, 8767, 6160, 5181, 9447, 4724, 6646, 1254, 2817, 5693, 4779, 7355, 6977, 9720, 4496, 5000, 4893, 520, 5341, 2622, 270, 484, 5282, 5283, 4379, 7912, 5366, 4770, 5483, 4733, 453, 6818, 331, 3449, 3492, 482, 9273, 8982, 4393, 9521, 5404, 1023, 8727, 2354, 799, 3615, 6567, 9648, 3146, 7453, 4234, 2319, 1769, 8448, 4318, 346, 4887, 1593, 9619, 1459, 5441, 3139, 8910, 4630, 5214, 8857, 7080, 5782, 9456, 3727, 2334, 9706, 6186, 4218, 5486, 8597, 2321, 8203, 8695, 567, 1964, 9303, 7191, 4184, 5397, 5423, 7962, 3216, 8194, 8019, 7280, 1452, 9607, 477, 450, 7903, 27, 9287, 334, 3271, 8126, 4638, 2261, 8430, 2795, 6450, 1808, 2912, 688, 2427, 1528, 3505, 9917, 8443, 3357, 2574, 9407, 6220, 7236, 4015, 9792, 4013, 5746, 5045, 8083, 8539, 9941, 9147, 9150, 6249, 7020, 9421, 1534, 3024, 6467, 2436, 2590, 2352, 2424, 9755, 1599, 4079, 8886, 9709, 272, 4995, 5678, 9341, 4436, 5125, 4966, 1898, 7745, 8980, 8773, 6239, 3097, 4307, 3929, 1405, 3627, 6874, 7305, 9861, 9776, 7703, 7825, 3752, 606, 6996, 7574, 1604, 9848, 4337, 902, 7442, 5671, 8718, 3095, 428, 6710, 6034, 6032, 951, 1027, 5988, 4775, 4069, 5017, 7460, 6914, 9769, 1691, 5099, 7909, 2263, 2143, 6270, 5025, 525, 9734, 587, 6519, 1720, 6015, 2164, 8660, 7000, 5227, 7332, 3933, 3901, 83, 8708, 6761, 1247, 23, 8155, 2180, 2935, 3364, 5495, 7841, 4096, 5249, 7761, 2446, 9326, 3953, 939, 1444, 5139, 2907, 3777, 1200, 2524, 8319, 7959, 6250, 709, 9474, 2712, 6143, 9386, 8586, 8705, 508, 3635, 263, 8707, 4684, 5041, 1443, 3316, 5776, 3011, 4272, 4114, 3444, 5950, 1962, 3311, 7489, 4083, 974, 8869, 6043, 2859, 354, 4901, 4878, 8908, 7735, 1112, 7978, 2764, 4281, 2839, 6529, 1814, 5363, 1217, 1615, 761, 3300, 3262, 1737, 6399, 9076, 1531, 543, 1909, 2958, 8363, 6872, 8863, 3211, 7481, 3742, 7538, 12, 6252, 1081, 5007, 3792, 8079, 4803, 995, 5780, 1979, 4087, 7465, 7466, 6748, 1644, 5339, 9640, 3411, 6102, 9434, 9625, 8673, 4144, 5965, 4469, 1650, 9682, 88, 9509, 9397, 8382, 7986, 6401, 2902, 5084, 6478, 1198, 7042, 6689, 3580, 9006, 5821, 8496, 9664, 6107, 5674, 526, 8739, 1975, 361, 8468, 431, 2357, 4091, 9136, 2759, 8715, 3520, 7179, 3694, 7500, 6463, 3764, 1137, 6760, 6990, 7532, 514, 6313, 6108, 767, 2014, 3712, 5608, 9635, 5719, 6294, 8790, 3841, 6112, 9684, 563, 7515, 3042, 1201, 3863, 8070, 4292, 6949, 3120, 8480, 1818, 3581, 8477, 7806, 2068, 5659, 5743, 4085, 4855, 4107, 7983, 8394, 6265, 2821, 3557, 2929, 6802, 9976, 8567, 210, 6140, 5788, 871, 8764, 2965, 8919, 5572, 8414, 3369, 327, 3314, 1883, 198, 1684, 7910, 7645, 4589, 3070, 4166, 7911, 490, 9615, 1826, 4860, 2412, 5697, 6210, 4278, 4253, 4032, 7112, 2148, 2573, 9385, 5472, 7312, 7918, 7264, 7491, 9603, 7412, 2388, 4911, 5121, 3031, 8677, 3496, 4397, 8374, 1359, 7071, 9768, 1853, 3503, 18, 7102, 9020, 1422, 7015, 6069, 8360, 6156, 4056, 2248, 8757, 6194, 2677, 9507, 9771, 4259, 793, 8584, 6147, 7619, 9213, 1057, 7868, 2693, 4480, 5215, 1426, 8325, 1092, 6243, 138, 4584, 3604, 7672, 4391, 8635, 9542, 5709, 4175, 6871, 9796, 3866, 6404, 7732, 4654, 1984, 3612, 2386, 1940, 4816, 15, 1782, 8787, 6049, 7424, 3769, 9066, 4658, 6495, 5792, 7639, 4120, 8589, 9191, 473, 5523, 7095, 4027, 1562, 3890, 76, 9490, 2341, 6866, 3417, 7199, 8646, 9111, 3973, 6353, 1702, 854, 3429, 7432, 2317, 4871, 2978, 4510, 1824, 8432, 4595, 884, 5807, 8416, 547, 8836, 906, 6319, 5688, 4136, 803, 7726, 5619, 3208, 8551, 7990, 9484, 6783, 4870, 9714, 9659, 5710, 3027, 6656, 5909, 8741, 2863, 6578, 3328, 4157, 2700, 7477, 4094, 6772, 5692, 5592, 1658, 2681, 5660, 8566, 5521, 6600, 2244, 495, 6077, 8750, 89, 6494, 2040, 2158, 3273, 6256, 5881, 6776, 8494, 1336, 6151, 6830, 6240, 5733, 7228, 9568, 1612, 6203, 7687, 4080, 7780, 108, 1288, 5493, 6696, 9953, 1539, 9774, 2042, 1914, 4195, 6542, 5300, 8109, 8362, 8044, 3267, 4172, 5191, 2954, 2344, 5855, 1272, 3432, 517, 3500, 8991, 1176, 69, 472, 352, 2393, 8979, 9637, 9680, 5507, 3748, 1141, 7725, 6073, 6502, 2011, 6826, 5798, 8275, 7089, 434, 4877, 4641, 2071, 4575, 3091, 7853, 6175, 3129, 5912, 2310, 7958, 6491, 8142, 4736, 6543, 8826, 5852, 4422, 6211, 6119, 2106, 7318, 9966, 2361, 2648, 4135, 8936, 782, 5837, 8063, 3521, 9081, 3362, 9703, 1099, 6962, 4677, 5783, 2561, 8188, 9643, 1067, 4763, 2155, 8312, 851, 7287, 2639, 5528, 8833, 1988, 1832, 8600, 8298, 7887, 6717, 4705, 6090, 449, 7141, 6757, 225, 5325, 3195, 6145, 9686, 6925, 8881, 4434, 7078, 3654, 3178, 8920, 1343, 5058, 8086, 1906, 1811, 6293, 4250, 7755, 2123, 960, 4903, 9561, 1058, 1159, 8883, 190, 168, 8643, 746, 1500, 7173, 7966, 789, 1161, 4555, 1797, 9426, 745, 4924, 3663, 5014, 2749, 1787, 9309, 5251, 2571, 112, 1103, 1925, 9209, 7087, 2327, 3372, 9634, 8845, 9604, 4769, 1184, 9982, 9699, 2080, 8763, 9349, 8579, 1804, 396, 8108, 8107, 2399, 214, 9298, 191, 1033, 3006, 8123, 555, 7362, 7017, 6533, 4338, 158, 2441, 3461, 1484, 1266, 7198, 5240, 8062, 2096, 3235, 1401, 6129, 412, 1938, 3943, 8545, 9262, 5753, 7736, 416, 7072, 4173, 8854, 5589, 8672, 2704, 7833, 4817, 5873, 6188, 1952, 328, 8301, 7927, 6905, 8355, 1717, 4612, 8760, 3117, 8842, 9198, 7172, 591, 4242, 942, 7845, 2614, 781, 4491, 1896, 4959, 1223, 4588, 4055, 6663, 7113, 7915, 6951, 1553, 6191, 8182, 5270, 7369, 3906, 3404, 6235, 279, 2716, 1919, 3869, 5501, 4326, 6682, 3529, 5287, 2739, 8782, 9254, 2274, 1394, 6132, 9761, 4494, 1029, 2991, 6387, 1055, 1219, 6193, 1928, 1732, 9017, 5509, 417, 9192, 4213, 2918, 6893, 1275, 6273, 8641, 7823, 2651, 1958, 4200, 175, 3576, 2397, 8208, 3167, 3785, 8180, 3140, 8770, 5145, 3715, 5922, 8324, 9391, 1576, 6089, 1735, 1755, 6437, 8435, 6551, 8338, 5113, 5079, 3293, 1250, 8946, 571, 1110, 5754, 6464, 8391, 9958, 4439, 6297, 5683, 755, 4156, 8731, 1945, 815, 2811, 6837, 3060, 4932, 6793, 6687, 4666, 7691, 7159, 2919, 991, 2284, 1313, 5055, 4864, 2913, 848, 1873, 8894, 3808, 3659, 6279, 285, 1036, 1306, 7067, 7435, 6869, 5919, 1206, 9381, 9096, 4730, 2365, 8577, 9764, 3999, 633, 5974, 5206, 7104, 2246, 6956, 5611, 2349, 9811, 7302, 6461, 3634, 9534, 8268, 4888, 6101, 8526, 8650, 6652, 865, 713, 8264, 5297, 3395, 9477, 1978, 320, 6364, 1437, 4735, 5510, 337, 262, 6619, 5878, 5517, 437, 925, 5449, 3452, 7741, 6528, 6998, 1132, 5457, 9949, 8022, 4587, 5417, 9653, 8204, 4549, 6922, 7158, 7854, 3513, 1434, 565, 3341, 6434, 7894, 1474, 3736, 9369, 7717, 3118, 4053, 5245, 1086, 6657, 1286, 8724, 8091, 5047, 7587, 3751, 694, 348, 1556, 8729, 4133, 927, 3813, 1618, 7358, 9163, 6173, 3915, 3389, 2624, 2373, 3336, 5334, 6621, 3515, 4647, 7202, 3224, 1440, 621, 2371, 1943, 2222, 1195, 8054, 4815, 3499, 3721, 5993, 4828, 6701, 310, 9902, 7314, 481, 1207, 553, 9106, 5680, 6377, 1708, 4403, 6965, 7081, 6904, 5694, 4622, 9008, 915, 9913, 8073, 636, 5979, 5539, 8403, 6822, 9208, 1165, 3744, 8370, 1875, 9205, 3230, 1934, 1741, 5435, 7271, 5115, 9675, 6459, 5556, 9754, 8954, 6347, 3765, 2910, 4609, 997, 6246, 8429, 2532, 6322, 816, 1002, 9035, 6264, 7649, 4103, 4152, 5439, 5952, 3939, 5924, 5812, 5957, 2605, 597, 5067, 6979, 2500, 1997, 9824, 3376, 4269, 4834, 9230, 1460, 9752, 3380, 5004, 7608, 1718, 8048, 3782, 1569, 2116, 7244, 478, 9759, 9131, 1559, 4731, 5907, 5840, 8253, 7768, 2942, 6911, 8561, 2630, 9611, 7270, 3741, 7516, 8280, 1064, 7291, 6766, 476, 4161, 1633, 6610, 3677, 6408, 9695, 1178, 3197, 17, 5284, 4356, 8784, 1594, 883, 7105, 702, 5190, 420, 4238, 2710, 4442, 5247, 8347, 8077, 3757, 1019, 8820, 7789, 1133, 5442, 686, 4488, 9999, 7014, 8440, 5111, 9519, 70, 8972, 1114, 8364, 7756, 7721, 4892, 9346, 2627, 5355, 1767, 301, 5138, 627, 9494, 8803, 8563, 3600, 4642, 9495, 6201, 8260, 8076, 1654, 1236, 1766, 9972, 4289, 7577, 9278, 4255, 4715, 424, 6052, 2477, 4627, 3682, 8605, 7062, 2933, 4275, 9306, 9655, 265, 3185, 8040, 6568, 6304, 9660, 6565, 7720, 2626, 2384, 7694, 8037, 5726, 2849, 2521, 7091, 5239, 487, 8576, 617, 624, 1501, 3294, 1912, 4, 807, 7858, 9277, 9029, 3737, 8619, 2035, 7961, 4791, 4917, 933, 6224, 727, 9051, 8068, 5083, 1333, 1292, 3106, 849, 7209, 9865, 4942, 8002, 2780, 6409, 5160, 3012, 9529, 3325, 2629, 6848, 1062, 5010, 7634, 1245, 7977, 5068, 2833, 3981, 3144, 7701, 4038, 9168, 6199, 8478, 557, 4693, 1107, 4976, 7542, 7707, 232, 5786, 7775, 8244, 55, 3586, 9540, 8682, 5124, 5316, 470, 8821, 2671, 7816, 4915, 9829, 149, 3530, 723, 1989, 5865, 7670, 4867, 3876, 5072, 4390, 9973, 5056, 6583, 7470, 59, 9685, 8508, 528, 7157, 5444, 2993, 3107, 1221, 845, 7232, 9728, 9627, 5395, 9978, 389, 6516, 1017, 8111, 8933, 4169, 7965, 6775, 2163, 4872, 5896, 6873, 3690, 243, 9644, 7624, 8384, 8196, 36, 7572, 9751, 3153, 1763, 5684, 7522, 1935, 9145, 201, 950, 9788, 6573, 2029, 6484, 728, 6275, 6545, 3686, 7680, 2719, 9427, 3285, 3043, 1346, 78, 1749, 8804, 8530, 9134, 8989, 6699, 8825, 738, 9770, 3274, 2640, 7365, 8546, 8781, 5372, 8343, 1680, 9689, 7262, 6608, 6258, 9731, 9935, 7493, 7571, 1552, 4437, 9645, 4567, 4794, 1910, 3829, 241, 3455, 6531, 2552, 7919, 5686, 7440, 3571, 3884, 7548, 8118, 8733, 8286, 6337, 1301, 8006, 7560, 8127, 3245, 6875, 9183, 6111, 7053, 4607, 3668, 2792, 1351, 7785, 3637, 2697, 2439, 2064, 7546, 6013, 1463, 6709, 145, 2254, 8446, 3776, 1869, 303, 9666, 8895, 6000, 3595, 8513, 4728, 7595, 3768, 1390, 3056, 8554, 8483, 3957, 8078, 3824, 2198, 2860, 6963, 3000, 8607, 6556, 1488, 3072, 3160, 7843, 1835, 824, 9169, 8565, 5675, 2595, 3819, 504, 8141, 4996, 3839, 8023, 6284, 8313, 7178, 7549, 1129, 6414, 9377, 7006, 1933, 1259, 4227, 5989, 4845, 1966, 3996, 46, 4964, 5022, 8717, 2497, 8808, 7612, 252, 9061, 661, 7162, 6217, 903, 5049, 7354, 8685, 3618, 6961, 5929, 5433, 9141, 9412, 9060, 2869, 2679, 4305, 193, 4833, 8974, 632, 1486, 7820, 3053, 6301, 5389, 628, 4544, 2752, 6756, 7100, 1321, 1904, 5928, 6520, 7340, 3719, 1805, 5071, 1987, 4650, 3477, 221, 945, 4341, 3156, 7147, 7245, 3001, 9062, 3386, 3466, 3361, 8350, 9906, 7838, 8359, 4017, 9510, 4697, 6733, 7052, 415, 9564, 4202, 9924, 9630, 5992, 4475, 716, 7216, 863, 3543, 7713, 9075, 2603, 2844, 7886, 6590, 3414, 3391, 6103, 8444, 9009, 5100, 3327, 1341, 240, 3548, 5177, 9402, 6665, 4016, 5035, 5019, 1022, 8574, 2690, 3317, 7575, 5653, 8882, 2314, 4277, 9322, 2383, 5562, 9864, 6074, 2166, 2059, 2435, 5616, 3803, 7884, 2510, 1147, 2044, 5211, 658, 9947, 236, 9222, 7828, 1329, 6920, 2706, 313, 7742, 5899, 4490, 4719, 4301, 7501, 8970, 519, 4458, 8813, 9524, 7852, 656, 1493, 7090, 6180, 3965, 8163, 5231, 3099, 4461, 2150, 8850, 2230, 9050, 8573, 3420, 4296, 3446, 1503, 7384, 7875, 8693, 7326, 7260, 3527, 1850, 6068, 5699, 9550, 9085, 3587, 2176, 47, 9082, 8590, 564, 852, 90, 3112, 390, 8634, 8388, 6790, 1833, 1679, 292, 5635, 205, 6207, 9414, 7673, 8702, 2508, 6004, 8966, 7174, 6323, 9021, 3398, 5264, 8898, 4306, 4961, 7180, 8405, 1011, 9461, 8986, 6209, 8947, 3726, 4960, 6697, 6676, 9586, 3436, 4189, 998, 911, 7811, 3570, 2982, 6755, 7508, 5532, 6747, 5257, 1929, 8756, 797, 2613, 8160, 6356, 8612, 4323, 143, 200, 1863, 5148, 9846, 2722, 4112, 1044, 9718, 5329, 2223, 7361, 4572, 1537, 5311, 6703, 1625, 4755, 7774, 9164, 9229, 608, 173, 8831, 444, 6166, 9411, 8119, 8036, 3506, 377, 1231, 1675, 9995, 4514, 2402, 2559, 3075, 6889, 181, 983, 3064, 5237, 4823, 522, 9690, 3680, 7482, 429, 9554, 8165, 1302, 7561, 9993, 4197, 2434, 9310, 8789, 6358, 4531, 4708, 6934, 6808, 5218, 4160, 5415, 2355, 5560, 609, 21, 6354, 9543, 4046, 9925, 9422, 9423, 3278, 505, 3656, 4541, 1607, 917, 6659, 8232, 7770, 8536, 4760, 2960, 3085, 3602, 4068, 3421, 2519, 2604, 699, 1665, 6827, 9472, 4258, 1905, 8197, 8582, 8464, 2563, 229, 1622, 6678, 2242, 8236, 620, 7901, 5805, 6292, 2576, 9024, 5201, 1365, 9424, 2379, 6078, 2047, 5008, 5828, 8451, 4194, 5146, 4298, 9442, 5212, 9841, 6899, 8587, 5009, 7248, 9992, 9556, 9170, 2278, 1900, 3971, 6055, 4953, 5031, 340, 1454, 9567, 4092, 5265, 2408, 6084, 2415, 6289, 1854, 791, 885, 1374, 901, 1852, 3348, 2767, 837, 9871, 886, 5939, 8214, 5595, 1956, 5393, 4611, 4511, 3292, 8094, 1304, 9112, 4041, 4020, 3454, 9450, 614, 1841, 8281, 7408, 7913, 8047, 4295, 6291, 4856, 9742, 9258, 308, 9138, 4762, 257, 2727, 1721, 8955, 5647, 1413, 9043, 8367, 1174, 1965, 769, 3030, 2947, 4037, 521, 6305, 696, 5305, 4219, 2297, 5229, 4569, 876, 5609, 1944, 1121, 3834, 3762, 1955, 8896, 6290, 1641, 8013, 3810, 204, 9914, 8932, 1821, 734, 4059, 8162, 401, 6244, 7187, 7284, 4565, 9835, 5614, 7738, 6535, 9378, 5926, 9401, 8994, 7652, 25, 3172, 3791, 5937, 9658, 2062, 7969, 7727, 2445, 5482, 3440, 98, 3201, 6283, 8288, 2466, 9727, 8336, 970, 8958, 6454, 4483, 2567, 4364, 5519, 6021, 5217, 6524, 676, 2952, 2145, 2927, 6681, 1048, 6986, 9559, 4863, 6255, 3858, 2330, 2541, 2944, 7200, 5847, 7616, 4949, 9109, 765, 6064, 6271, 3848, 6642, 9767, 9432, 3944, 768, 6647, 6427, 1692, 7740, 5650, 1391, 4811, 6288, 4827, 9216, 4750, 6309, 8397, 6299, 8146, 244, 6605, 8229, 1920, 7398, 8284, 6192, 748, 8404, 7856, 792, 7940, 1489, 8228, 9789, 2635, 1571, 3052, 1568, 8633, 4707, 8008, 7540, 5057, 4155, 1060, 65, 972, 926, 5973, 9610, 9744, 3154, 6036, 7360, 6442, 1927, 6198, 897, 6855, 690, 6767, 8626, 834, 5514, 3596, 6780, 3849, 8183, 5859, 2737, 2045, 6530, 6890, 924, 3864, 8390, 1620, 5259, 1521, 5033, 7033, 2853, 3491, 5568, 2829, 2816, 4854, 2707, 3976, 2932, 3009, 66, 9956, 859, 3966, 4086, 2023, 9960, 4538, 5772, 7207, 9185, 7304, 3937, 4063, 457, 3951, 6155, 2277, 7103, 2293, 4979, 4680, 2359, 9577, 1043, 7570, 6506, 5843, 6700, 3806, 3406, 2917, 6995, 5940, 8033, 84, 813, 9809, 1666, 3247, 189, 3307, 733, 2136, 3460, 3339, 5860, 5479, 8231, 4118, 5299, 6677, 9439, 9541, 8680, 1878, 7544, 4214, 1591, 3101, 2776, 4448, 3474, 568, 8381, 1649, 1908, 8096, 6967, 4177, 3034, 3332, 1098, 6863, 1923, 7025, 5818, 1689, 7166, 5340, 1907, 5312, 3191, 9132, 9775, 9977, 1926, 3210, 1166, 1344, 4574, 1729, 1516, 7993, 8665, 87, 9486, 3250, 2714, 967, 4304, 1686, 9601, 3524, 1590, 2084, 4455, 1903, 3347, 4362, 6392, 4498, 153, 2452, 2037, 7099, 6592, 9149, 1696, 4099, 6625, 9827, 2890, 3349, 9928, 3889, 1371, 80, 4378, 5615, 1267, 2168, 2448, 7749, 2999, 9031, 4938, 5308, 2292, 5269, 1354, 5689, 9823, 4358, 9108, 9598, 4830, 4936, 3814, 3540, 9321, 3921, 5110, 1712, 9713, 2460, 3092, 3533, 6182, 4753, 2189, 9805, 1140, 1996, 3103, 6557, 9933, 832, 5432, 9466, 858, 4030, 4665, 5831, 2368, 5360, 9300, 6476, 1073, 3941, 9458, 5594, 579, 371, 3566, 6669, 2789, 5450, 1450, 4456, 7292, 4790, 9894, 1651, 1008, 1932, 9892, 8311, 4000, 2340, 6836, 1088, 4948, 6123, 8606, 2765, 6469, 5380, 7764, 575, 2846, 7238, 718, 4226, 9893, 4768, 6228, 1795, 7718, 8614, 7431, 258, 6660, 5186, 1897, 3469, 1492, 817, 8905, 8585, 1819, 6909, 2862, 3308, 2038, 8684, 3544, 124, 8471, 9406, 2790, 374, 4667, 8082, 6310, 2819, 7924, 4813, 2480, 1881, 6515, 2125, 9069, 4536, 599, 2961, 7867, 9702, 2616, 8408, 5596, 8540, 1538, 3747, 2129, 2258, 3516, 1123, 9849, 6884, 3609, 6734, 6233, 9499, 6088, 8819, 7382, 5193, 9623, 6170, 1640, 9126, 6563, 9475, 4896, 4466, 9200, 4933, 422, 6413, 5029, 197, 6870, 4446, 3874, 3246, 2348, 6375, 6431, 9797, 2188, 6277, 6127, 7520, 4686, 8124, 1357, 1577, 1719, 7534, 9387, 4241, 2473, 1502, 9522, 6480, 5428, 4636, 6105, 386, 7120, 5849, 4988, 9873, 9045, 6130, 7060, 5187, 7297, 7274, 2159, 9366, 7581, 7075, 9267, 1274, 4352, 8438, 1253, 6457, 3855, 1586, 2564, 4360, 6177, 6142, 5252, 3305, 5133, 6335, 6400, 2211, 9899, 5374, 5512, 9019, 3986, 1629, 166, 7737, 669, 3822, 1695, 4868, 7415, 2715, 5508, 2755, 2372, 9526, 9224, 1993, 3916, 6878, 4618, 8300, 5156, 663, 1857, 4994, 4635, 5841, 8219, 7420, 3032, 8192, 5716, 1866, 1790, 8569, 6436, 2169, 9772, 119, 403, 6263, 2615, 9636, 590, 4740, 251, 2001, 2105, 7658, 5051, 4221, 2734, 6730, 6626, 6947, 1170, 1014, 163, 1674, 6504, 3270, 1244, 3502, 944, 4147, 1801, 5261, 2601, 3815, 7263, 7282, 5034, 7252, 5293, 2201, 5866, 4906, 4862, 2336, 5109, 1543, 8699, 1475, 3025, 3931, 7984, 3946, 5850, 8349, 6764, 9226, 8892, 2686, 9670, 2126, 6702, 3984, 3019, 611, 1714, 6745, 5665, 7650, 3816, 4525, 2501, 4376, 5569, 6091, 9116, 3282, 689, 6980, 4339, 2570, 8611, 144, 6936, 6839, 7689, 3068, 6691, 3674, 6394, 8014, 9476, 7702, 54, 7137, 9319, 5174, 6944, 2362, 5704, 5868, 2134, 7530, 1251, 6448, 6525, 1858, 629, 6267, 8844, 548, 5861, 4143, 3625, 8922, 2633, 294, 9272, 338, 7506, 9261, 6005, 4751, 3081, 4967, 218, 1807, 4065, 3907, 8167, 3113, 6577, 9238, 2986, 8399, 3258, 4106, 7562, 8433, 5302, 3214, 3360, 2815, 2165, 1948, 4586, 5162, 8865, 1175, 576, 344, 9173, 6978, 5127, 3074, 6095, 753, 3536, 6809, 8993, 7094, 8209, 8017, 3755, 1637, 5098, 4798, 157, 6815, 7426, 1255, 2315, 1108, 4884, 1768, 5945, 1525, 6606, 577, 507, 8189, 7336, 3723, 7328, 3029, 947, 5424, 1889, 4072, 5130, 9176, 3276, 3779, 2318, 8436, 9211, 2210, 3856, 9079, 8560, 6331, 6214, 4633, 8846, 4388, 3935, 8550, 7682, 6825, 2204, 1338, 5426, 8983, 8805, 1754, 2770, 1138, 5092, 1453, 8631, 3104, 162, 1310, 8460, 2440, 8059, 8981, 91, 8951, 6753, 8230, 8571, 3149, 3697, 4984, 9010, 2875, 4925, 4894, 4764, 3896, 4822, 9279, 4983, 9651, 8510, 1870, 9516, 9986, 4782, 7241, 2295, 8661, 1663, 7947, 7675, 5739, 2553, 9547, 7896, 3291, 2083, 9110, 8084, 7339, 7743, 6712, 5196, 4840, 9347, 8100, 2051, 6976, 5225, 9716, 5561, 3162, 1494, 6082, 7050, 9058, 2685, 2654, 114, 1030, 9086, 1638, 1298, 4694, 5167, 5136, 4698, 6581, 2915, 8392, 8420, 1890, 3410, 129, 8615, 3593, 9156, 6787, 5830, 7566, 4374, 5877, 7547, 739, 2636, 5310, 353, 7579, 6226, 4637, 6164, 367, 6259, 1078, 8967, 8154, 45, 9838, 6553, 8859, 5192, 9983, 9943, 6653, 7397, 5884, 4999, 3405, 2438, 1241, 2740, 6555, 9741, 3015, 2973, 3989, 5356, 5281, 1139, 8884, 1189, 9318, 5994, 8295, 4554, 2031, 1983, 5530, 5997, 2142, 2237, 6245, 2824, 2468, 6174, 6496, 515, 3049, 4384, 9593, 304, 8523, 1242, 318, 2193, 9067, 291, 5731, 7865, 1592, 239, 1780, 864, 433, 4158, 7949, 3773, 3928, 826, 869, 7342, 5021, 3938, 9834, 5844, 5820, 9070, 916, 2028, 3256, 3155, 9408, 9944, 8328, 471, 3771, 8691, 8185, 6779, 1386, 7600, 3159, 2090, 1598, 4858, 3599, 9114, 4552, 8484, 9276, 4465, 4935, 1075, 7647, 873, 4767, 5968, 1752, 6382, 785, 1260, 4895, 9985, 7871, 319, 8532, 1947, 4370, 8558, 2329, 5557, 4533, 288, 1468, 2498, 3416, 2997, 4962, 751, 9104, 1628, 3720, 6007, 4913, 172, 5725, 7750, 213, 4165, 4405, 3904, 6997, 9130, 414, 2191, 833, 5536, 3170, 2878, 808, 5333, 4043, 7814, 287, 5289, 2992, 7835, 5427, 8441, 2013, 2589, 295, 6612, 4978, 5897, 8195, 3087, 6921, 9153, 1457, 3021, 527, 9000, 6566, 3177, 128, 2584, 7097, 1153, 2989, 5220, 2339, 6468, 5473, 8254, 8849, 8556, 969, 4557, 4428, 3882, 740, 2520, 9905, 2921, 5232, 3761, 2078, 4270, 1436, 9781, 2104, 8748, 5687, 2895, 9957, 8899, 3301, 7456, 9165, 6428, 8984, 867, 4467, 6954, 1018, 8221, 7353, 3204, 6773, 7521, 5207, 1871, 9938, 5535, 1285, 6910, 2285, 8906, 1000, 5628, 7928, 2122, 2114, 3379, 9478, 675, 5078, 8572, 905, 3676, 4402, 8630, 3985, 8102, 1361, 1913, 4294, 5091, 1032, 8500, 1840, 8916, 3451, 2928, 6202, 7632, 1846, 146, 7108, 5075, 1100, 3114, 5348, 9523, 2000, 559, 3078, 8225, 8664, 2133, 5845, 2674, 6955, 3924, 3226, 3061, 1582, 4088, 5200, 2052, 9448, 1931, 856, 949, 6376, 485, 6777, 5454, 483, 4497, 4377, 8617, 4947, 3875, 5226, 8171, 6150, 6234, 999, 2689, 5745, 1332, 3022, 6585, 3956, 3606, 4476, 1575, 618, 5466, 2094, 2607, 4748, 5155, 1548, 6698, 3426, 1347, 8761, 1867, 9337, 4381, 8851, 8488, 3351, 8766, 6982, 1087, 1937, 4781, 141, 7215, 4243, 1438, 9950, 3903, 5691, 708, 9825, 9429, 1642, 7486, 1954, 5864, 5236, 5342, 1273, 2490, 6796, 2199, 5706, 1297, 4752, 1194, 2868, 5781, 1981, 6823, 9357, 8734, 4452, 7767, 9250, 440, 7208, 937, 1370, 4187, 4918, 719, 8309, 2934, 4100, 5606, 2692, 3337, 4725, 2450, 1775, 7609, 2207, 7405, 1676, 9428, 8411, 7704, 8786, 9520, 1464, 6957, 4998, 6352, 6591, 3616, 5434, 4474, 5392, 7418, 6552, 7194, 4692, 102, 759, 4773, 9544, 1063, 1403, 7834, 5419, 8976, 1522, 8853, 1380, 7710, 8725, 1402, 8372, 305, 9836, 6028, 5144, 7009, 7454, 7056, 8252, 4741, 4317, 5895, 8166, 1314, 1672, 7973, 892, 9738, 3895, 4897, 4435, 6633, 6348, 2403, 6035, 4675, 2977, 5854, 5626, 2469, 9674, 1015, 9092, 7437, 6915, 6865, 868, 8524, 1648, 4865, 2600, 7450, 3346, 5639, 4766, 5131, 4371, 79, 6026, 8792, 3434, 6527, 4246, 4332, 653, 6952, 6561, 3252, 6314, 4023, 2762, 9361, 2283, 4676, 8877, 1269, 7524, 8938, 3335, 8683, 8697, 5416, 1091, 4624, 6051, 7625, 7657, 1135, 3614, 936, 619, 6859, 9210, 6941, 5276, 1408, 9683, 4348, 2018, 4576, 7874, 2725, 8211, 965, 7922, 4797, 6601, 2851, 5724, 5315, 9735, 3254, 7760, 4142, 7617, 4699, 4973, 9417, 7511, 4097, 1673, 2531, 9123, 6178, 6918, 9919, 7116, 511, 314, 6897, 1383, 3306, 5869, 2608, 7030, 6490, 4543, 7011, 6038, 5425, 5876, 6835, 3239, 1505, 5093, 5587, 7832, 7402, 430, 2458, 5955, 99, 2522, 8827, 7531, 9594, 408, 6735, 9291, 4634, 5040, 9955, 8200, 7757, 1101, 1249, 9002, 7799, 2404, 5351, 3695, 8246, 4324, 4346, 5498, 2728, 9264, 8796, 7333, 3415, 6253, 3086, 7943, 3698, 9293, 8799, 8640, 2119, 2941, 9122, 7024, 8045, 8352, 4849, 7416, 7686, 7963, 5420, 6362, 2177, 1360, 6338, 2308, 3048, 5028, 3205, 6728, 2894, 5436, 6896, 9819, 1042, 281, 5729, 4553, 4969, 1583, 5431, 8776, 8386, 9555, 9063, 1102, 5418, 5544, 1052, 4986, 1037, 9313, 3561, 1864, 7640, 9569, 7861, 8746, 372, 400, 1163, 1125, 5978, 6020, 1560, 2708, 8437, 6106, 2370, 2691, 6497, 9597, 3569, 4619, 4418, 9212, 7618, 5629, 1693, 649, 5213, 7077, 1156, 2092, 5538, 1212, 4222, 3329, 5223, 2911, 641, 9430, 8201, 1220, 8747, 1750, 4583, 2577, 5584, 1280, 3888, 7396, 3510, 6912, 3681, 388, 2195, 904, 6935, 3303, 3148, 4045, 7385, 7170, 6643, 6992, 5260, 9951, 9649, 1728, 1716, 5933, 6336, 1059, 9581, 2124, 2076, 8176, 5690, 4484, 2276, 1372, 8669, 3366, 5998, 1456, 1773, 3223, 9038, 2382, 7635, 7553, 1800, 9237, 7325, 5784, 830, 2572, 956, 3459, 3746, 7468, 3073, 9077, 8321, 4185, 3288, 602, 73, 5604, 818, 9750, 2007, 1759, 2422, 1009, 325, 9459, 2842, 2841, 8835, 8541, 8493, 3514, 2820, 846, 655, 5447, 754, 5359, 6039, 9506, 4713, 8004, 2311, 1860, 5892, 7800, 3397, 6380, 9003, 33, 2443, 5875, 9822, 8969, 7917, 2591, 4907, 9418, 3733, 2730, 9920, 4625, 1527, 788, 5101, 2479, 7063, 707, 6326, 8310, 3059, 5499, 4891, 378, 4468, 887, 7058, 8431, 5046, 4264, 6867, 8283, 704, 3054, 1632, 7185, 1407, 2216, 2694, 9599, 1825, 7350, 5549, 6033, 4613, 7992, 5290, 6206, 1115, 9144, 6343, 3564, 780, 8662, 177, 2703, 8046, 4132, 3326, 4108, 9782, 8998, 8245, 8223, 5332, 891, 74, 2347, 9646, 7528, 680, 132, 9692, 1290, 2813, 5760, 6635, 6257, 7863, 2215, 5737, 7098, 9814, 3439, 9515, 9576, 5599, 3788, 2666, 2229, 7188, 529, 7222, 1180, 2017, 643, 4215, 7003, 4570, 2241, 2431, 1145, 8030, 6746, 6984, 9072, 9563, 3010, 3136, 7629, 4568, 2157, 8294, 8145, 1261, 6852, 9095, 1104, 7557, 1419, 9419, 1887, 8461, 7665, 8173, 9558, 1762, 3913, 2517, 4412, 8087, 1706, 2240, 4309, 7967, 5757, 4067, 1540, 5603, 2850, 9575, 8570, 742, 4076, 3574, 1378, 273, 4267, 3550, 6774, 7197, 6503, 9099, 1256, 9737, 8798, 2156, 4883, 2515, 3982, 1431, 8158, 7723, 7329, 7889, 6694, 5314, 5384, 9608, 432, 5469, 5134, 6149, 3354, 1465, 4747, 1263, 4793, 7218, 6384, 860, 6168, 1182, 8637, 2074, 2936, 8029, 5668, 7031, 9622, 7434, 6183, 9777, 6274, 5303, 5224, 2596, 7251, 7390, 5766, 4217, 167, 6325, 1530, 2558, 9223, 1742, 1678, 3071, 1917, 2387, 110, 2594, 1613, 11, 1710, 4599, 1049, 6280, 1827, 4632, 5874, 1828, 5026, 7923, 6597, 6650, 4196, 3821, 2687, 6613, 8164, 8642, 7588, 4520, 7319, 8742, 4880, 595, 316, 6272, 6813, 8594, 1021, 4002, 122, 9350, 2609, 6812, 2898, 4093, 460, 5039, 3174, 8812, 2886, 8759, 9678, 5003, 6604, 7296, 8581, 1844, 7627, 7393, 535, 1025, 2081, 7995, 8282, 3642, 1876, 2884, 6758, 9294, 8772, 2761, 3179, 9041, 672, 1802, 8620, 9052, 7195, 6521, 7554, 3804, 2309, 8224, 2394, 8856, 9916, 7987, 3619, 9193, 7256, 6471, 964, 5504, 8810, 2744, 9668, 9940, 5350, 4534, 6134, 1715, 4205, 5938, 8749, 6719, 9662, 41, 1614, 3268, 2269, 6340, 7467, 1373, 183, 2335, 6460, 1229, 1013, 7950, 850, 938, 4585, 1216, 717, 7403, 1523, 6001, 1862, 5373, 5164, 6895, 6564, 9518, 5711, 7606, 4850, 544, 4021, 5044, 4592, 6109, 8274, 1836, 9533, 4479, 5016, 4012, 7671, 644, 1315, 3852, 1095, 3039, 6847, 72, 6010, 4545, 176, 6518, 3796, 7433, 6196, 6684, 3483, 109, 9860, 8952, 2151, 5478, 9583, 2675, 1578, 491, 178, 1442, 7229, 8866, 6969, 1616, 9863, 1623, 2095, 9194, 6795, 6850, 9256, 1564, 1772, 3356, 9251, 3209, 7556, 805, 1765, 7224, 8081, 4369, 4532, 5871, 6627, 7118, 4993, 9671, 2257, 4481, 670, 3508, 7762, 4359, 4485, 757, 1982, 8453, 3387, 4236, 5585, 9511, 1224, 7441, 1725, 4429, 6054, 8706, 9757, 622, 5637, 7979, 5669, 4886, 43, 1414, 1031, 6792, 4047, 5294, 8861, 6928, 8476, 1097, 5344, 8131, 8774, 7001, 7512, 5902, 9324, 3016, 7134, 4796, 943, 4729, 7034, 4081, 7646, 3799, 2202, 7337, 1535, 4842, 7844, 159, 1743, 5018, 1004, 4869, 4739, 7636, 3545, 1205, 5918, 4606, 4580, 4771, 9073, 5751, 3655, 2416, 209, 7313, 2328, 5713, 5208, 1353, 2194, 2872, 5935, 2543, 1573, 5862, 6152, 9404, 8928, 3063, 8879, 7341, 29, 6886, 3837, 8475, 7487, 7044, 3286, 494, 4420, 5827, 2470, 4193, 9979, 5159, 3886, 9729, 4951, 5358, 35, 2065, 8069, 4261, 5443, 7744, 5559, 975, 2171, 2663, 2227, 888, 9451, 9118, 7023, 5178, 3476, 2027, 8667, 3556, 7144, 4674, 448, 2893, 4014, 436, 3355, 8149, 4440, 8610, 2946, 8676, 7447, 4125, 4596, 678, 333, 8959, 8092, 578, 9180, 4509, 5285, 2486, 1237, 5106, 2793, 1202, 6221, 8133, 7122, 1561, 3644, 267, 2456, 5089, 3423, 5458, 3215, 7322, 2610, 2684, 8318, 2245, 9606, 9089, 3633, 6110, 7013, 2474, 3801, 1798, 9190, 8794, 683, 1423, 8358, 6794, 8361, 1348, 4380, 2507, 3200, 3948, 3344, 549, 3094, 2741, 7584, 5258, 1047, 5750, 203, 7125, 957, 2619, 5367, 8518, 402, 5500, 9806, 1605, 1179, 8785, 5117, 5338, 3321, 7038, 2856, 2091, 711, 6623, 3255, 4905, 2661, 4232, 3626, 986, 6232, 9100, 6559, 5228, 1239, 8961, 1279, 8422, 1331, 3385, 6346, 4957, 9307, 8686, 2093, 7444, 3234, 1837, 7386, 4048, 6136, 1514, 4723, 3014, 889, 2447, 407, 8950, 9372, 1635, 2656, 2407, 4640, 8768, 365, 6215, 8971, 7904, 2055, 5459, 199, 9650, 3227, 9672, 2457, 9342, 3846, 8816, 7349, 4399, 3045, 217, 8419, 7255, 7428, 7637, 3706, 3853, 7916, 1491, 4286, 3407, 4875, 9981, 7848, 394, 4745, 5137, 6891, 3186, 4291, 9876, 7622, 1421, 735, 3065, 5880, 184, 502, 4176, 9376, 4432, 8588, 1753, 7007, 1859, 5583, 836, 7751, 1448, 4450, 2138, 2701, 4206, 7371, 8028, 7827, 2546, 5703, 3441, 5888, 9715, 2830, 8457, 3620, 438, 2551, 4336, 7324, 3261, 9064, 62, 1096, 2012, 8055, 1838, 3608, 92, 4629, 659, 9059, 4670, 6692, 6008, 49, 6820, 730, 4598, 312, 3033, 5806, 9970, 8533, 8520, 5001, 8287, 2621, 5552, 8302, 1789, 9462, 3331, 5375, 6138, 7804, 5142, 7130, 136, 4004, 9749, 4284, 4876, 339, 391, 7592, 5885, 6071, 5522, 6679, 5452, 8383, 5403, 2049, 6332, 2366, 0, 9379, 6722, 2660, 7367, 6176, 6752, 5920, 4537, 1865, 2239, 1210, 3713, 4051, 536, 501, 4190, 2814, 9503, 2785, 7527, 2337, 6587, 7842, 7474, 1899, 2554, 2400, 8415, 3745, 5794, 5182, 4502, 1146, 2206, 2805, 1490, 2224, 9532, 5006, 4971, 2527, 2476, 2649, 5580, 8901, 1507, 1839, 1610, 5953, 4411, 3036, 6791, 1813, 2231, 3610, 5368, 9139, 2779, 4982, 5951, 6141, 2831, 2322, 2505, 497, 8900, 2742, 4343, 7377, 7128, 506, 7240, 2200, 1305, 4809, 4909, 4645, 1122, 3892, 840, 39, 8051, 2455, 4844, 2579, 1393, 2232, 4400, 3345, 5511, 4955, 8852, 1071, 8303, 4330, 1024, 1335, 7684, 3560, 3184, 1362, 6560, 2938, 2303, 7458, 6045, 359, 9963, 9119, 3424, 9202, 6092, 1295, 1617, 2117, 8512, 4287, 7509, 4109, 4303, 800, 4787, 9315, 5112, 1671, 6195, 4268, 6672, 6742, 3051, 5313, 4223, 3990, 9359, 2634, 1056, 994, 9502, 5038, 7879, 9039, 2364, 973, 9487, 7514, 1358, 4368, 3428, 6546, 9790, 1572, 6158, 8290, 8487, 8481, 6125, 5705, 6750, 7164, 3427, 3964, 1703, 117, 6229, 4573, 9808, 8469, 5352, 3037, 538, 8657, 3507, 583, 321, 9539, 3522, 2226, 161, 3994, 6729, 8473, 2266, 9016, 8157, 9240, 3098, 1630, 5793, 130, 6987, 1046, 6185, 8097, 5573, 9895, 8314, 7805, 234, 392, 982, 5649, 8511, 9249, 8061, 6727, 545, 4919, 9485, 7298, 8015, 6061, 1861, 5503, 4801, 796, 773, 2807, 9613, 7610, 4460, 3498, 7334, 8450, 7700, 9441, 9455, 4482, 2072, 8891, 9115, 5577
    ]

    with open(INPUT_FP, "w") as f:
        for n in tqdm.tqdm(permutation):
            f.write(f"{n}\n")

    with open(ANSWER_FP, "w") as f:
        f.write("25363010")
