367
972
106
683
819
411
50
329
608
705
274
928
812
960
449
241
458
947
208
648
634
407
127
589
990
426
276
731
982
443
940
852
744
325
218
71
519
136
334
398
370
878
857
856
3
131
283
232
270
464
887
229
240
899
769
159
24
33
787
628
360
897
773
848
569
783
759
227
84
284
693
212
15
814
563
605
571
831
469
836
299
699
402
336
612
728
901
105
13
789
782
434
172
158
920
352
635
166
538
315
70
265
56
27
654
794
236
404
734
252
664
147
193
575
882
992
821
625
379
103
805
551
536
456
471
746
674
796
904
779
508
26
246
681
317
521
846
405
244
373
685
148
117
740
989
129
187
64
532
760
969
691
501
583
850
235
868
428
592
893
781
331
496
533
511
310
314
260
673
264
813
622
553
488
364
220
378
470
587
636
149
429
799
151
326
119
883
347
802
361
204
603
36
100
809
121
995
273
51
157
558
668
486
139
862
946
719
12
703
179
176
461
688
201
981
87
894
420
645
454
712
116
660
123
341
849
142
81
296
82
817
68
579
598
124
652
916
572
694
791
985
721
586
630
74
534
0
629
973
288
79
76
308
30
134
190
478
570
8
337
877
353
828
494
984
921
385
736
44
619
90
39
507
606
163
43
371
115
419
997
523
876
451
815
578
287
183
165
448
268
676
203
845
978
881
953
233
390
552
626
216
88
698
340
833
144
239
585
687
500
662
633
354
576
259
931
550
657
804
659
678
900
867
701
933
771
499
762
34
389
446
409
4
700
137
219
251
441
800
322
565
924
627
615
872
653
935
514
560
567
792
140
109
168
739
453
886
387
798
996
313
114
444
363
524
752
346
748
547
957
720
365
29
912
468
432
870
263
954
289
637
436
45
801
112
695
509
944
951
332
316
548
211
697
506
741
889
991
53
297
903
465
189
92
435
67
994
177
684
202
206
593
430
658
594
55
873
382
906
527
269
295
810
66
348
609
32
945
384
479
460
320
806
777
939
98
611
512
65
665
59
209
376
834
689
447
422
16
403
823
175
853
559
199
482
907
483
475
25
279
118
829
247
926
555
750
541
722
601
490
679
604
704
751
784
520
530
188
167
162
215
358
480
266
517
481
366
936
415
554
715
556
462
525
141
380
528
192
280
345
724
797
621
78
895
861
63
238
143
641
545
966
101
357
726
425
237
75
433
542
505
597
600
655
498
892
753
864
927
908
875
111
934
249
399
656
980
955
97
516
591
442
217
377
790
6
113
706
713
304
909
965
491
476
427
477
184
459
250
493
17
275
230
61
305
503
210
31
910
417
290
181
73
223
231
866
709
80
228
888
410
282
452
60
943
416
359
616
160
573
874
343
484
323
999
860
649
770
375
258
401
161
335
929
102
397
20
785
885
818
381
94
976
110
253
242
285
993
319
156
406
949
54
915
711
23
549
254
330
164
128
369
186
730
599
564
395
42
194
767
391
173
822
743
155
880
826
825
224
595
77
10
708
473
40
925
979
485
749
754
368
808
647
539
47
788
394
412
961
865
362
824
696
917
758
761
774
650
983
663
248
356
99
737
272
286
245
745
107
959
318
669
747
463
919
474
205
85
487
41
827
195
7
923
38
661
729
293
879
9
492
421
871
133
91
281
213
675
355
617
93
185
174
884
510
466
439
255
257
333
234
339
756
122
312
776
896
18
932
807
138
392
497
839
588
221
513
49
614
58
225
46
342
680
590
646
438
301
795
577
735
62
424
132
837
714
48
182
742
639
869
22
832
948
292
152
838
350
780
72
968
171
277
732
763
816
733
918
324
963
566
610
738
200
970
196
958
766
974
986
891
863
956
278
631
854
582
607
858
386
1
778
718
620
942
584
640
544
844
291
222
537
135
540
820
717
489
495
644
431
596
338
413
914
502
911
57
126
793
890
400
191
21
130
905
922
504
69
198
642
383
581
11
561
811
306
294
975
562
262
180
677
840
764
967
952
28
455
298
518
146
667
271
651
859
372
125
803
987
898
37
35
671
841
311
692
535
682
321
351
226
842
971
902
374
977
515
437
786
623
344
300
672
618
670
2
349
120
613
256
440
414
52
472
95
445
772
522
941
962
457
723
408
309
145
666
207
243
710
531
526
178
998
214
725
686
843
529
702
546
855
14
638
170
104
913
964
83
568
303
580
108
5
423
938
307
755
988
830
643
950
467
86
450
169
388
197
574
937
847
632
154
328
396
418
716
557
327
393
690
930
153
757
267
775
302
768
261
707
543
835
851
96
765
602
19
150
624
89
727
