707
809
149
52
45
556
145
87
579
812
689
328
736
449
369
551
90
384
815
674
230
413
448
719
555
92
414
987
151
890
915
817
247
993
263
696
788
826
417
244
178
210
330
801
711
348
757
94
617
675
167
385
511
335
114
29
349
33
714
971
79
784
681
367
807
598
571
613
592
264
507
268
683
445
144
967
21
266
645
443
755
619
981
649
300
845
769
996
526
980
111
997
49
158
254
851
131
950
844
370
941
519
775
928
772
466
713
75
8
399
308
652
701
640
351
516
853
101
557
798
918
682
19
62
814
706
535
125
743
920
407
916
442
350
364
746
841
611
867
570
320
259
786
378
395
374
517
182
554
275
632
499
877
677
86
836
697
307
96
469
42
240
832
898
573
886
54
540
984
451
104
921
424
290
285
176
635
40
583
253
162
2
318
485
650
787
298
408
569
818
288
715
906
735
410
524
409
382
389
447
631
704
938
20
680
509
241
215
314
684
159
70
657
184
163
291
405
91
695
586
226
80
5
864
527
513
790
708
59
637
974
588
500
305
30
278
1
943
154
712
279
850
876
201
538
376
310
170
57
572
825
552
361
553
633
616
937
391
585
991
478
727
609
765
493
603
901
544
402
972
947
189
768
456
50
560
61
218
343
624
897
390
289
133
958
252
843
427
780
924
641
899
839
418
678
860
148
656
859
18
362
311
286
533
558
161
869
739
120
337
797
491
497
541
502
909
294
671
887
423
459
132
903
188
854
892
856
636
773
793
165
944
998
643
792
508
936
323
700
7
989
455
213
647
837
375
518
510
791
200
404
179
15
651
171
776
852
699
471
248
686
190
638
932
762
303
744
745
816
891
687
191
14
879
732
900
794
748
453
380
468
528
0
302
895
529
22
35
338
421
198
543
796
549
512
734
646
804
927
68
668
889
394
464
262
995
959
969
811
693
365
439
93
327
576
582
109
214
340
95
800
799
602
685
724
430
293
940
567
175
239
160
813
883
537
764
77
525
738
401
55
440
425
868
824
520
368
597
956
951
99
181
670
322
107
234
962
563
249
730
978
505
914
83
207
846
975
155
593
667
355
486
781
164
521
273
422
324
128
605
437
759
229
24
38
432
577
255
690
232
664
43
236
82
979
246
810
566
760
256
153
81
534
542
750
737
143
922
129
156
352
100
474
51
359
820
881
112
400
56
789
67
194
341
420
530
435
862
694
590
966
758
221
917
970
574
231
878
174
379
250
265
78
933
821
444
458
16
321
620
460
419
501
913
896
17
334
688
858
74
169
822
608
283
923
946
673
589
48
830
949
855
614
716
728
260
492
618
428
548
802
627
135
654
504
662
479
53
147
292
866
880
514
581
777
141
803
584
34
360
963
251
339
287
885
119
235
196
195
767
771
282
709
908
628
336
138
69
925
905
475
434
115
238
237
39
473
457
208
726
805
752
503
124
88
874
426
725
561
948
779
28
403
325
912
733
888
523
660
26
183
296
770
676
223
955
297
46
412
565
831
672
429
117
173
36
102
269
692
751
377
731
122
180
366
66
761
498
942
515
281
621
977
861
452
999
865
219
220
363
782
10
6
172
118
536
433
228
304
270
65
472
550
578
610
705
871
3
634
663
84
397
531
299
357
601
559
965
446
702
137
98
564
723
754
665
416
496
242
902
11
9
192
480
926
295
356
44
935
562
893
604
720
698
778
985
988
875
691
476
623
168
833
387
626
177
653
346
606
306
332
116
371
477
4
986
990
186
919
105
25
612
587
741
113
669
454
139
123
126
952
326
842
655
97
642
436
872
450
166
309
488
438
884
722
277
960
313
753
945
964
316
489
828
870
622
222
37
721
808
749
152
658
840
494
849
406
522
216
47
267
211
847
31
835
157
718
729
224
206
939
32
774
398
258
280
388
756
373
64
342
441
666
60
976
467
392
639
882
484
185
838
481
766
121
591
383
411
747
333
829
625
710
204
203
487
271
354
272
910
857
209
393
27
907
819
89
848
142
983
317
607
539
146
108
863
596
506
717
41
595
483
13
703
930
85
245
347
415
992
679
470
130
806
490
931
961
76
904
243
276
834
312
968
233
929
431
644
274
63
103
465
127
629
202
580
630
331
954
71
329
73
659
284
344
23
301
140
957
742
187
575
106
600
911
894
495
953
827
463
396
381
372
72
763
823
212
785
345
873
934
58
386
110
205
545
783
217
648
199
546
973
353
227
225
532
257
994
261
661
12
319
594
795
482
358
740
136
547
193
615
150
462
134
197
599
461
568
982
315
