24
198
949
804
457
600
572
665
783
577
396
773
346
386
612
765
385
879
535
51
961
315
717
935
317
101
428
393
275
354
724
320
631
808
244
532
226
550
733
529
714
860
345
353
968
482
417
557
234
736
291
686
601
895
753
376
573
960
395
677
862
579
971
629
679
685
278
656
494
741
400
687
661
639
81
610
211
987
940
484
581
978
171
19
316
782
181
431
312
958
274
507
440
162
917
518
854
31
100
207
831
254
260
80
186
974
912
87
189
256
151
487
567
711
719
166
399
118
792
383
910
654
286
644
504
37
130
149
375
350
512
92
407
892
441
680
757
683
406
618
676
563
764
946
829
140
830
584
379
732
133
574
265
766
343
510
204
866
40
763
88
953
373
268
904
997
8
169
921
139
996
899
369
235
934
362
389
965
602
125
447
56
127
593
611
123
798
570
801
432
745
784
941
132
586
729
335
185
515
951
295
6
799
802
449
749
249
839
83
882
721
152
321
190
349
556
896
865
397
262
976
71
239
384
491
114
473
105
874
908
486
120
889
571
851
153
490
781
880
122
771
150
426
893
60
681
553
240
884
97
298
78
806
327
954
788
738
64
464
999
85
670
461
712
918
173
762
219
281
604
307
850
916
541
109
809
818
710
251
701
363
691
690
288
750
201
595
794
718
705
725
12
73
411
906
708
734
564
339
832
615
645
236
569
651
927
759
672
819
412
224
578
942
543
536
458
138
911
823
533
409
86
838
669
837
779
164
368
313
675
36
928
537
292
418
797
451
625
907
176
163
944
633
640
664
707
21
208
272
340
658
936
919
377
666
433
77
626
956
323
296
727
846
671
182
770
731
568
613
89
137
463
576
864
76
238
361
183
542
57
638
305
803
319
420
227
445
415
220
54
562
913
756
988
328
160
970
429
655
370
14
742
966
583
616
746
469
191
558
751
107
825
216
694
982
314
187
214
300
885
382
304
793
881
816
845
744
351
388
642
366
68
66
813
478
416
465
596
42
776
737
405
488
514
103
481
267
111
276
979
84
606
538
178
453
59
116
682
248
516
7
438
522
67
38
269
252
523
760
247
259
394
293
143
772
527
348
206
872
3
367
333
322
963
900
98
754
145
546
246
43
177
590
459
925
479
75
229
390
200
632
460
696
430
875
688
496
508
852
228
824
697
544
419
943
213
341
723
812
222
290
299
897
663
331
531
146
815
39
231
297
627
747
698
835
380
931
509
945
790
466
493
635
914
357
423
915
470
740
805
378
693
26
108
69
877
184
33
700
995
374
950
857
148
194
497
695
551
619
462
306
398
503
870
372
404
861
283
134
324
471
387
28
844
48
303
994
287
413
434
250
46
985
891
775
55
849
972
94
241
195
34
53
585
674
205
188
142
549
905
495
212
301
554
622
467
47
821
161
630
136
540
230
334
519
4
520
888
475
883
147
302
352
525
91
308
17
704
932
119
843
15
939
709
263
826
901
196
175
726
44
192
329
282
279
673
922
168
649
257
780
517
218
180
641
25
210
977
617
652
589
800
526
588
203
245
70
124
144
878
969
607
689
358
973
684
938
16
273
223
456
112
492
548
344
436
424
330
624
10
472
975
347
96
29
30
129
443
421
474
587
285
930
513
980
41
131
820
552
167
9
446
920
13
699
381
35
110
702
310
61
157
795
500
902
605
967
2
309
50
392
82
621
435
650
318
294
807
810
18
539
847
834
873
634
990
371
937
174
774
989
365
713
485
444
653
217
454
777
716
659
22
326
172
886
325
121
703
102
511
735
155
761
237
647
957
156
842
0
814
646
623
863
90
271
202
277
355
924
706
45
859
903
667
311
603
768
887
170
165
828
767
833
730
620
614
242
401
565
983
909
566
72
933
648
929
796
197
359
867
528
360
778
5
580
894
769
505
836
74
448
545
159
261
869
95
427
841
856
158
923
592
575
221
154
455
752
561
643
52
785
255
410
27
1
477
748
660
848
49
817
728
898
992
498
993
342
858
594
739
280
981
117
126
637
215
11
266
547
678
128
948
984
715
32
337
115
476
62
289
959
356
876
926
480
113
452
608
662
225
986
609
63
506
855
964
791
258
521
442
591
657
555
141
402
284
253
947
99
483
720
243
338
560
502
890
597
868
58
789
668
599
209
403
786
450
391
755
758
233
636
827
955
422
425
871
524
193
628
179
23
332
408
489
270
336
499
65
79
468
199
743
534
598
559
93
135
104
811
439
437
530
822
840
501
962
722
853
998
991
232
787
952
414
20
364
106
582
264
692
