685
594
569
757
252
435
176
362
922
449
511
466
667
38
606
515
906
709
98
787
623
25
126
189
657
441
819
439
717
896
563
121
945
767
330
426
216
463
269
758
602
572
649
997
468
783
964
280
640
465
61
490
205
803
355
693
632
59
217
203
886
47
545
340
752
590
586
582
108
462
621
609
699
919
745
35
682
241
105
184
475
891
79
954
20
583
388
156
370
927
686
496
495
169
579
968
233
437
956
455
976
774
177
546
920
650
963
24
846
383
725
875
958
916
673
12
677
852
661
207
261
324
428
92
790
536
786
488
19
306
643
932
260
480
147
78
912
697
578
941
358
923
694
227
284
481
634
608
157
638
631
619
88
776
254
44
6
450
895
943
297
730
849
729
161
363
703
973
577
830
436
285
778
850
855
721
502
429
171
860
833
103
935
102
394
63
375
562
393
204
409
315
596
364
529
959
807
983
879
714
334
28
826
268
257
653
29
43
939
140
179
56
318
712
925
678
692
520
144
431
48
548
528
926
775
275
951
587
605
946
231
904
96
419
145
660
401
690
359
482
665
133
706
702
356
167
610
400
222
403
544
344
68
160
223
676
55
238
323
198
575
993
736
120
272
265
219
620
477
756
561
539
277
45
415
698
331
971
414
866
384
397
999
372
521
402
310
236
302
89
764
972
484
892
132
115
353
513
801
245
533
135
498
668
805
404
301
210
427
802
874
835
239
557
720
283
588
981
894
422
470
346
651
7
328
148
829
165
104
540
448
472
487
41
861
478
123
644
136
812
876
761
794
292
298
684
908
42
921
707
211
314
607
373
4
228
83
300
67
116
229
113
641
589
542
565
146
325
747
81
825
345
374
832
716
258
512
664
185
54
656
930
452
234
727
389
467
473
291
309
724
789
405
354
357
770
967
636
508
117
338
907
960
974
655
279
248
247
635
554
871
442
0
94
537
856
917
246
21
190
413
652
931
680
679
479
411
32
341
772
781
535
417
953
762
209
333
74
687
969
585
77
349
626
218
52
312
504
500
797
451
899
97
75
50
199
51
841
869
17
647
276
854
888
806
196
379
937
985
37
522
271
845
72
648
360
507
616
979
742
918
877
581
553
986
559
197
890
671
878
378
868
813
407
39
242
938
743
65
486
541
792
669
443
784
982
551
796
713
149
390
618
815
975
350
580
255
560
412
319
499
600
615
321
418
568
674
898
996
864
984
880
670
471
159
814
289
622
988
928
86
458
555
308
18
57
970
824
416
990
215
107
489
978
881
335
5
253
158
70
966
259
424
822
316
957
552
445
237
307
506
8
69
873
695
459
593
129
385
722
708
299
944
109
887
681
821
173
296
322
701
30
432
430
780
361
901
130
95
251
995
517
274
60
151
760
872
366
848
492
381
731
119
510
31
929
193
240
332
549
688
420
406
369
595
163
425
867
386
336
705
754
162
64
124
85
66
447
3
474
637
410
556
182
903
524
994
188
232
516
858
304
494
885
166
243
313
220
675
750
947
320
150
11
689
704
118
633
82
617
34
224
740
110
532
645
753
191
295
900
347
810
127
434
748
263
505
715
264
613
213
91
128
738
558
870
998
382
884
598
433
440
683
936
141
249
844
989
27
377
376
138
183
143
711
365
93
840
851
22
122
461
768
256
348
547
84
131
493
287
202
980
811
266
125
576
212
584
804
453
49
153
639
367
567
13
779
195
446
392
134
710
2
691
733
755
352
942
87
23
924
181
961
460
26
646
380
696
700
423
71
53
744
573
952
782
371
597
523
737
170
101
339
766
273
485
732
326
601
734
847
642
282
823
15
746
267
46
765
152
514
816
531
106
214
719
286
991
818
192
36
718
80
962
154
464
564
526
933
777
534
476
530
614
839
603
759
457
749
915
571
112
111
311
155
624
142
399
771
469
809
831
599
837
62
910
604
221
785
244
793
628
987
305
934
501
10
180
723
329
893
396
882
654
398
278
625
454
281
838
828
791
14
456
186
114
58
444
483
250
208
33
391
992
611
288
663
630
421
662
773
368
911
955
491
387
518
225
735
739
788
1
627
836
659
139
200
726
172
566
897
843
342
902
751
174
303
865
293
591
100
672
327
509
853
863
538
808
842
666
889
834
270
948
543
206
294
799
909
343
859
226
16
73
351
862
76
950
949
977
235
820
519
570
800
337
795
550
525
187
798
612
817
168
164
763
290
438
913
592
857
497
574
395
769
905
40
914
201
940
827
230
883
194
503
317
178
175
741
658
728
965
99
408
90
629
262
137
527
9
